)O+_05 Big-body initial data  (WARNING: Do not delete this line!!)
) Lines beginning with `)' are ignored.
)---------------------------------------------------------------------
 style (Cartesian, Asteroidal, Cometary) =  Cartesian
 epoch (in days) =  0.0
)---------------------------------------------------------------------
       1 m=2.80143e-07 d=3.54062e+00
0.4425591548219199 -0.08974829279850163 -8.018823843392638e-06
0.005052495495899844 0.025105910295014883 -0.00013978764771889975
0.0 0.0 0.0
       2 m=2.80143e-07 d=3.54062e+00
0.6143020656247367 -0.21499412209870672 0.001367090100232161
0.0070458106796480735 0.020177704168336707 8.67968246479479e-06
0.0 0.0 0.0
       3 m=2.80143e-07 d=3.54062e+00
0.2734097190307568 -0.699045718168967 0.003486747129081004
0.018442340727638517 0.007212048156802074 -3.8777877573079694e-05
0.0 0.0 0.0
       4 m=2.80143e-07 d=3.54062e+00
0.7536114402693349 -0.34592158463283024 0.0004355665646805917
0.007780486655500841 0.017281930264850354 1.2694318209501474e-05
0.0 0.0 0.0
       5 m=2.80143e-07 d=3.54062e+00
0.7988765848684345 0.4681038080009048 0.0007730448739291162
-0.009162297322917283 0.015369483018521103 -7.475468226381932e-05
0.0 0.0 0.0
       6 m=2.80143e-07 d=3.54062e+00
0.7662238178634432 0.6814253445635654 0.00035689729160958274
-0.011290784945535016 0.01269315946054042 -5.483748229582445e-05
0.0 0.0 0.0
       7 m=2.80143e-07 d=3.54062e+00
1.1150309912308602 -0.1718434740785757 -0.007711351422298573
0.0024664550787378663 0.016005938757290252 -7.57661652328931e-05
0.0 0.0 0.0
       8 m=2.80143e-07 d=3.54062e+00
-0.9412208281804824 0.79046164833977 6.197842190688613e-05
-0.010096755997613413 -0.011837307531511543 1.9628765108974395e-05
0.0 0.0 0.0
       9 m=2.80143e-07 d=3.54062e+00
-1.083057590316981 -0.8185741556858475 0.010393679212389602
0.008901063684079669 -0.01171505369362499 1.729684366976612e-05
0.0 0.0 0.0
      10 m=2.80143e-07 d=3.54062e+00
-1.4565178612235146 0.02416785470918359 -0.010129749257937033
-0.00012550129590246234 -0.014296201964532962 -3.5215532856369435e-05
0.0 0.0 0.0
      11 m=2.80143e-07 d=3.54062e+00
0.08305661111642094 -1.594372627367686 0.0007773928372065699
0.013560066788271406 0.000712248969228602 -3.064824831637796e-06
0.0 0.0 0.0
      12 m=2.80143e-07 d=3.54062e+00
-0.4615129632493861 -1.6598609565682418 0.0062986623446375425
0.012601974690769483 -0.0034952874345640667 -5.56399666366199e-05
0.0 0.0 0.0
      13 m=2.80143e-07 d=3.54062e+00
1.0479203414870657 1.510153103341697 -0.0012501809590708575
-0.010491976042935716 0.007193101194511971 -5.1266560176114445e-05
0.0 0.0 0.0
      14 m=2.80143e-07 d=3.54062e+00
1.9463366820201375 0.41436755774885436 0.007533785395186393
-0.002544197125016487 0.011909888990299383 -4.543960747361118e-06
0.0 0.0 0.0
      15 m=2.73237e-08 d=3.18582e+00
-0.03686719215592729 0.3538752139949528 0.0014049270731431006
-0.028663217379511975 -0.002896157006601849 -3.1901628985544873e-05
0.0 0.0 0.0
      16 m=2.73237e-08 d=3.18582e+00
0.19432844040304018 0.3851132918914756 -0.0007241741375226296
-0.023399854848650942 0.011690348272355978 7.123973528869259e-05
0.0 0.0 0.0
      17 m=2.73237e-08 d=3.18582e+00
-0.45085793015915593 -0.1214286810881424 -0.002362476672636124
0.006379830115331111 -0.024301307115330996 -0.00016754846557356896
0.0 0.0 0.0
      18 m=2.73237e-08 d=3.18582e+00
0.28661013811807523 -0.39829142297888315 -0.0005339918192793218
0.019967089719604272 0.014344496735022475 9.863703558050705e-06
0.0 0.0 0.0
      19 m=2.73237e-08 d=3.18582e+00
-0.24202316175892216 0.4498228653023473 0.00045781153100116537
-0.021324944341535656 -0.011326052847808753 -8.355029680324176e-05
0.0 0.0 0.0
      20 m=2.73237e-08 d=3.18582e+00
-0.5178399515705668 0.12206894985085845 -0.0005405444311456071
-0.005286786077328498 -0.02301533493637463 0.0001885908006590546
0.0 0.0 0.0
      21 m=2.73237e-08 d=3.18582e+00
-0.3316162860851035 0.44476174754357156 -0.0010115214639450593
-0.01843492279538085 -0.01377078125306743 7.78749504759198e-07
0.0 0.0 0.0
      22 m=2.73237e-08 d=3.18582e+00
0.4819380847164143 0.2956546043031072 0.0042036322111409655
-0.01183088196113259 0.019604488915324573 5.117687244513595e-06
0.0 0.0 0.0
      23 m=2.73237e-08 d=3.18582e+00
0.48978238909261695 0.31257117696324804 0.0014665135062833655
-0.012141845565722944 0.0190194352088355 5.152011665929074e-05
0.0 0.0 0.0
      24 m=2.73237e-08 d=3.18582e+00
0.4513633039426609 -0.38449128023718 0.001121283704311974
0.01452960672973346 0.017002534907991494 -0.00012074380248150462
0.0 0.0 0.0
      25 m=2.73237e-08 d=3.18582e+00
-0.1879103357475454 0.5771153767827428 0.0008269156976569848
-0.021000313400873664 -0.006815785058013749 2.550324349491191e-06
0.0 0.0 0.0
      26 m=2.73237e-08 d=3.18582e+00
-0.452125118463775 0.42336788467721753 -3.449439795766545e-05
-0.015050278995342508 -0.01583194476149037 4.570025135210613e-05
0.0 0.0 0.0
      27 m=2.73237e-08 d=3.18582e+00
0.07275743095094941 -0.624599045211109 0.0034848302811281576
0.02156412752931239 0.002512682040412164 7.161390373665091e-05
0.0 0.0 0.0
      28 m=2.73237e-08 d=3.18582e+00
-0.10443132087752216 -0.6314434537614503 0.004827011124911997
0.0212473663172031 -0.003347161294088745 -6.9825907089062774e-09
0.0 0.0 0.0
      29 m=2.73237e-08 d=3.18582e+00
0.5832387210612768 0.293881305120985 0.0007651475686861755
-0.009701152784573397 0.018901384484272817 3.9104850737159264e-05
0.0 0.0 0.0
      30 m=2.73237e-08 d=3.18582e+00
-0.20131561276300744 -0.6334335772913395 0.004112441877617255
0.020040407794111675 -0.006377498035887743 -4.5733903045210235e-05
0.0 0.0 0.0
      31 m=2.73237e-08 d=3.18582e+00
0.3704275039917263 -0.5599569545713289 0.00011952669774737269
0.017531733009582596 0.011499789230503347 9.195894689336133e-05
0.0 0.0 0.0
      32 m=2.73237e-08 d=3.18582e+00
-0.6554662650326892 0.16092119235296098 0.004161440112531426
-0.004848067017045658 -0.02042817441028924 8.977598255303993e-05
0.0 0.0 0.0
      33 m=2.73237e-08 d=3.18582e+00
-0.12368674333317581 0.6742884959007969 0.0017163405590873927
-0.020450809176987772 -0.0038105602995554266 5.463689261739774e-05
0.0 0.0 0.0
      34 m=2.73237e-08 d=3.18582e+00
0.22749906648659693 0.6536214925570589 -0.0014038256234601624
-0.019584507709124746 0.006798029326714284 9.084539247826972e-05
0.0 0.0 0.0
      35 m=2.73237e-08 d=3.18582e+00
0.10530772027254132 0.6929473154896276 -0.004394933060852361
-0.020357952060105912 0.003079690289169375 -1.4893331131953357e-05
0.0 0.0 0.0
      36 m=2.73237e-08 d=3.18582e+00
-0.20369289509258784 -0.682157081111317 0.0011010888702575328
0.019532566204143974 -0.00584377931036026 -0.00010583012898153567
0.0 0.0 0.0
      37 m=2.73237e-08 d=3.18582e+00
0.6933580021426693 -0.19938193736237653 0.004903302914292414
0.0055894358668502255 0.019446121911629605 -3.444106658825787e-05
0.0 0.0 0.0
      38 m=2.73237e-08 d=3.18582e+00
-0.38638566045417144 0.6167371472218715 -0.002830452700554431
-0.017103765667848048 -0.01069424227840431 -0.00012868589751629676
0.0 0.0 0.0
      39 m=2.73237e-08 d=3.18582e+00
-0.26255363544119165 0.6854248987650124 -0.0005205687449166226
-0.01873043460611995 -0.007333019996939376 4.962456767078804e-05
0.0 0.0 0.0
      40 m=2.73237e-08 d=3.18582e+00
-0.11782028955436474 0.7361271468811864 -0.0001545591500786181
-0.019659024497492277 -0.0031886784972111814 6.9522410643748544e-06
0.0 0.0 0.0
      41 m=2.73237e-08 d=3.18582e+00
-0.5494421942313557 -0.5123122476651093 2.0209307779932074e-05
0.013549215985166303 -0.014540007041939678 5.426041605800411e-07
0.0 0.0 0.0
      42 m=2.73237e-08 d=3.18582e+00
0.31295897790685717 -0.6932348192151646 0.0008794897212984422
0.017962987076064817 0.00818255327980796 -1.953440486406951e-05
0.0 0.0 0.0
      43 m=2.73237e-08 d=3.18582e+00
-0.3670370515317028 -0.6765061152656658 0.004254467181551864
0.01715295960813268 -0.009512430091082878 0.00010754727856898959
0.0 0.0 0.0
      44 m=2.73237e-08 d=3.18582e+00
0.6868378947826252 -0.36333348281161215 0.0009556739674345563
0.009255043243030807 0.017204392486385084 -6.686475665015772e-06
0.0 0.0 0.0
      45 m=2.73237e-08 d=3.18582e+00
0.5891260920220812 -0.5220998073260222 -0.0016745347855423808
0.012863961247242164 0.01450667575952595 0.00011176089831348607
0.0 0.0 0.0
      46 m=2.73237e-08 d=3.18582e+00
0.34224712757920145 0.7204661457561847 -0.003624452699273149
-0.017371952348542014 0.008268214062124848 -5.1022537756049285e-05
0.0 0.0 0.0
      47 m=2.73237e-08 d=3.18582e+00
0.7993709595070597 -0.07544486139031709 0.00545139451057502
0.0018503380325820065 0.01912604686514906 0.00010051559711274298
0.0 0.0 0.0
      48 m=2.73237e-08 d=3.18582e+00
0.6069911665613383 0.5477404349510768 0.0036039455962952804
-0.012756747730614025 0.014043531578760307 -6.938946944281682e-06
0.0 0.0 0.0
      49 m=2.73237e-08 d=3.18582e+00
-0.15042278620813132 -0.8079410250879073 0.0037515095272080802
0.01865523950499398 -0.0034752149049371954 2.6100533817352132e-05
0.0 0.0 0.0
      50 m=2.73237e-08 d=3.18582e+00
-0.824332878767807 -0.06871516887567558 0.0029061127084571434
0.0014555699278377809 -0.01889730529936729 7.919706206140238e-05
0.0 0.0 0.0
      51 m=2.73237e-08 d=3.18582e+00
-0.5670103172253742 -0.6141160663875901 0.002763200161613976
0.013807981895477583 -0.012841386815532544 0.00010435909648498876
0.0 0.0 0.0
      52 m=2.73237e-08 d=3.18582e+00
-0.11130630058534924 0.8356846108418692 -0.003647509109277209
-0.018641460522851486 -0.0023831368867967264 0.00011050370817726433
0.0 0.0 0.0
      53 m=2.73237e-08 d=3.18582e+00
-0.293883813616735 0.8003766404983186 0.0009163740511581363
-0.01758249875923239 -0.006309960393565691 -2.1263893594937723e-05
0.0 0.0 0.0
      54 m=2.73237e-08 d=3.18582e+00
-0.4133925113329651 -0.7653555159352088 0.0006403583090908575
0.016129305395247862 -0.00886706032841064 1.3227237873870199e-05
0.0 0.0 0.0
      55 m=2.73237e-08 d=3.18582e+00
-0.2070679976340808 -0.8503796296712449 0.0036103571617083097
0.017866500657139184 -0.004348554553441776 3.70597656839576e-05
0.0 0.0 0.0
      56 m=2.73237e-08 d=3.18582e+00
-0.40593537936957075 -0.7821070872917286 0.0001396264206109511
0.016292429359363196 -0.008460716186576282 1.3227801595031829e-06
0.0 0.0 0.0
      57 m=2.73237e-08 d=3.18582e+00
-0.89427768228366 0.03764577935993832 0.0008037596526026349
-0.000877758613751372 -0.018145045838197944 4.034350274135441e-05
0.0 0.0 0.0
      58 m=2.73237e-08 d=3.18582e+00
0.5491294037144434 -0.709861245273274 -0.0015559726553148572
0.014415849462338337 0.011125604092747272 -0.00011086282680835446
0.0 0.0 0.0
      59 m=2.73237e-08 d=3.18582e+00
-0.6411461580503507 0.6479349470946629 -0.0017337312491694156
-0.01282597436758839 -0.012658460134442311 5.218829329336269e-06
0.0 0.0 0.0
      60 m=2.73237e-08 d=3.18582e+00
0.6873928600216931 -0.6107054732683326 -0.0006689277996651052
0.011941862000556847 0.013407823380030532 3.4914896432022686e-05
0.0 0.0 0.0
      61 m=2.73237e-08 d=3.18582e+00
0.8614393349007663 -0.35248044911586235 0.00655018706622755
0.006739467049000951 0.016503211611862488 -6.887502532039906e-05
0.0 0.0 0.0
      62 m=2.73237e-08 d=3.18582e+00
0.6425864370340064 0.6844022752157657 -0.0005012331259549763
-0.013051409552622234 0.012048939290988152 8.601482135730146e-05
0.0 0.0 0.0
      63 m=2.73237e-08 d=3.18582e+00
0.29094526340711196 0.8973481059627951 0.0011483574231248798
-0.016880317866215078 0.005536352327248692 -5.804093330967578e-05
0.0 0.0 0.0
      64 m=2.73237e-08 d=3.18582e+00
-0.5003289148340647 -0.816861821494498 -0.005120331033732348
0.014962287288248327 -0.00923230850551914 -9.937487591677764e-05
0.0 0.0 0.0
      65 m=2.73237e-08 d=3.18582e+00
0.8380473545045715 -0.49304214953648096 0.004257865349170495
0.008928834284117254 0.014941719873607638 7.124498627483236e-05
0.0 0.0 0.0
      66 m=2.73237e-08 d=3.18582e+00
0.7875490596156536 -0.5783553763533169 -0.0010304282831737487
0.010296652187082977 0.01403410361271124 -0.00012739279503676834
0.0 0.0 0.0
      67 m=2.73237e-08 d=3.18582e+00
-0.40680030198143974 -0.9022548462902854 0.0003860234308744021
0.01574780130282509 -0.007085905648044827 -6.068917643251031e-05
0.0 0.0 0.0
      68 m=2.73237e-08 d=3.18582e+00
-0.529625667948654 -0.8520747428521475 -0.008523241175040564
0.014538162221279106 -0.009036113033841862 2.0840662696464118e-05
0.0 0.0 0.0
      69 m=2.73237e-08 d=3.18582e+00
0.9362670291583856 -0.3643166322272099 -9.072085059058698e-05
0.0062182119942737965 0.016012120156288456 0.0001196506264887829
0.0 0.0 0.0
      70 m=2.73237e-08 d=3.18582e+00
-0.2806384162483914 -0.9770565321898528 0.004682090895171702
0.016394623828702926 -0.00470893451700118 -0.00011745399030004779
0.0 0.0 0.0
      71 m=2.73237e-08 d=3.18582e+00
-1.0087749408145357 0.20236582896859082 -0.006499429788393164
-0.003204919350372125 -0.016628273875649704 2.354509936057001e-05
0.0 0.0 0.0
      72 m=2.73237e-08 d=3.18582e+00
0.9991768467325048 -0.2518462208227632 -0.002922739973592044
0.0040522547442077405 0.016499205800262172 1.4919645523886475e-05
0.0 0.0 0.0
      73 m=2.73237e-08 d=3.18582e+00
0.22320409262846333 1.0261510629700887 -0.0002689740698449226
-0.016368512247875174 0.0035535882101792268 1.721336652434063e-06
0.0 0.0 0.0
      74 m=2.73237e-08 d=3.18582e+00
-0.8929115762924182 -0.561316993632387 0.0071286151417063156
0.00889569598448783 -0.014199883545701557 -3.7692850423693195e-05
0.0 0.0 0.0
      75 m=2.73237e-08 d=3.18582e+00
1.0541885862770932 0.14626803519489734 0.001296358764080853
-0.002294987806572897 0.01652495907974737 -1.6784802864650405e-06
0.0 0.0 0.0
      76 m=2.73237e-08 d=3.18582e+00
-0.9787339920346525 0.43211758610341333 -0.009164267060444233
-0.006760677186935105 -0.015241010001479375 -2.5991579865863045e-05
0.0 0.0 0.0
      77 m=2.73237e-08 d=3.18582e+00
0.1487493447627985 -1.0707858736822244 0.002395718918680927
0.016411009104255865 0.002348395676385946 1.625080015921401e-05
0.0 0.0 0.0
      78 m=2.73237e-08 d=3.18582e+00
0.7050943029244459 -0.849989404394343 -0.0003200668779341478
0.012565152511815713 0.010388123766847474 9.827348944570373e-06
0.0 0.0 0.0
      79 m=2.73237e-08 d=3.18582e+00
-0.2809636191538861 1.0621787561614588 -0.006855743921430721
-0.015885525291733774 -0.004320958266389576 5.934272038648403e-05
0.0 0.0 0.0
      80 m=2.73237e-08 d=3.18582e+00
-0.6718790116298838 -0.8781332433665728 -0.0016411830981289956
0.013079461971852705 -0.009949937058391107 7.026775269528819e-05
0.0 0.0 0.0
      81 m=2.73237e-08 d=3.18582e+00
-1.1276692462328295 -0.11393161119242479 0.005164924319419971
0.0015649660401164684 -0.01602936197416175 -2.724077416117824e-07
0.0 0.0 0.0
      82 m=2.73237e-08 d=3.18582e+00
-0.9258676969218846 -0.6734656937807968 0.0020653295885947275
0.009394120674987882 -0.012972041061210278 9.315422003542327e-05
0.0 0.0 0.0
      83 m=2.73237e-08 d=3.18582e+00
0.3296100169498556 1.0954041745614358 -0.005711948403421069
-0.015425356675686602 0.004622618815703815 3.956656148917317e-05
0.0 0.0 0.0
      84 m=2.73237e-08 d=3.18582e+00
0.902326347556298 -0.729260286623941 -0.0013260017045996614
0.010040360369718487 0.01239237256148159 2.9988853220095045e-05
0.0 0.0 0.0
      85 m=2.73237e-08 d=3.18582e+00
-0.15545156102961888 1.1534358329120105 -0.0005285201920642488
-0.015820827496534365 -0.002178677570265718 4.553417830288994e-05
0.0 0.0 0.0
      86 m=2.73237e-08 d=3.18582e+00
0.48504953135154577 1.0713425184229712 0.004272220514268038
-0.014487380117718 0.006491672341424714 9.393249684154158e-05
0.0 0.0 0.0
      87 m=2.73237e-08 d=3.18582e+00
-1.1752630326048255 -0.16398996102745167 -0.009649338882892442
0.0021610198007669277 -0.015654660374103492 4.1217540019640416e-05
0.0 0.0 0.0
      88 m=2.73237e-08 d=3.18582e+00
0.43015947442197283 1.1122829055389047 -0.0007880037650703131
-0.014687813334866556 0.005808807929585054 2.5791738212058015e-05
0.0 0.0 0.0
      89 m=2.73237e-08 d=3.18582e+00
-1.2112432512840334 -0.15187731556871908 0.0010072310000519304
0.0018877291947743567 -0.015382629580357235 7.882719698845694e-06
0.0 0.0 0.0
      90 m=2.73237e-08 d=3.18582e+00
1.119025563429143 -0.48129879010320076 0.000763882455766757
0.006130807849651372 0.014344563653330233 -2.16192935515428e-05
0.0 0.0 0.0
      91 m=2.73237e-08 d=3.18582e+00
0.16616480373689577 -1.2173164960744127 0.0020631341430078958
0.015409008992273474 0.0019684013219066284 0.0001013227879203237
0.0 0.0 0.0
      92 m=2.73237e-08 d=3.18582e+00
0.4018976081869826 1.1751051878723167 0.0031910658886602403
-0.014595468569388929 0.005020371270261289 2.6230557755337865e-05
0.0 0.0 0.0
      93 m=2.73237e-08 d=3.18582e+00
-0.27434602260628893 -1.223660803066837 0.0023625878450840364
0.014973049656820033 -0.003390187390070981 -1.4078959852711244e-05
0.0 0.0 0.0
      94 m=2.73237e-08 d=3.18582e+00
-0.8434964113957726 -0.9517111156369289 0.0056071628243917785
0.011450023884119776 -0.010002220914234342 6.33738791961276e-05
0.0 0.0 0.0
      95 m=2.73237e-08 d=3.18582e+00
0.2805331157378135 1.2393275431768642 -0.005100736925206563
-0.014878395307647476 0.00348738568297765 1.335177236815354e-05
0.0 0.0 0.0
      96 m=2.73237e-08 d=3.18582e+00
-0.8492980276555084 -0.9629489795732995 0.0026377029194037524
0.011414203810609248 -0.0100198690978325 6.779820523786233e-05
0.0 0.0 0.0
      97 m=2.73237e-08 d=3.18582e+00
1.060977768113433 0.7510330745136282 0.0004395862626295553
-0.00864165464459242 0.012341418983719479 -4.3421919116832085e-05
0.0 0.0 0.0
      98 m=2.73237e-08 d=3.18582e+00
1.0330006344034044 0.7985114935023451 0.0007690827585494398
-0.009195134533493167 0.011931230165013967 -7.470194100327133e-05
0.0 0.0 0.0
      99 m=2.73237e-08 d=3.18582e+00
-1.1761156430683 0.58362500135865 -0.004939343150630176
-0.006682614310960282 -0.013476476263451345 0.0001007989084139683
0.0 0.0 0.0
     100 m=2.73237e-08 d=3.18582e+00
-0.9789469523225199 -0.8925909121641569 0.0027385765327201024
0.010086877279003783 -0.011063179499367254 1.3165056632918212e-05
0.0 0.0 0.0
     101 m=2.73237e-08 d=3.18582e+00
0.5015098260294573 -1.245482260224048 0.0076901502092582685
0.013765923159688134 0.0055261486411633046 1.1915548026102068e-05
0.0 0.0 0.0
     102 m=2.73237e-08 d=3.18582e+00
-1.329677381666893 -0.2865835657933535 -0.0023131071112749675
0.0030865416188472737 -0.014375751866421135 2.115206458259361e-05
0.0 0.0 0.0
     103 m=2.73237e-08 d=3.18582e+00
0.454974366642694 1.284657416225368 0.007183491674330511
-0.013890692324041564 0.004919211434002107 3.1472333536500806e-05
0.0 0.0 0.0
     104 m=2.73237e-08 d=3.18582e+00
-1.1633738402924962 0.7506769379568929 -0.00025341912555708335
-0.007941357781766578 -0.012208894718072565 0.00012448775148856243
0.0 0.0 0.0
     105 m=2.73237e-08 d=3.18582e+00
-1.3618603314836848 0.18823951994880583 0.0030234475688595743
-0.00209491780901437 -0.014578675150531697 1.626611953266744e-05
0.0 0.0 0.0
     106 m=2.73237e-08 d=3.18582e+00
0.6702903899950337 1.2257918672543995 0.006403162031283965
-0.0127682869030465 0.006983634080113338 1.6618386676930495e-05
0.0 0.0 0.0
     107 m=2.73237e-08 d=3.18582e+00
1.397826522449602 0.0027748500787098535 -0.0005893646824618464
-1.9608917467863135e-05 0.014604808755555304 -2.2738028008807084e-05
0.0 0.0 0.0
     108 m=2.73237e-08 d=3.18582e+00
-0.8717971680032528 1.121007892815525 0.00011327656597850432
-0.011314593809084138 -0.008963322130494989 -3.869118913798454e-07
0.0 0.0 0.0
     109 m=2.73237e-08 d=3.18582e+00
0.7811034068754226 -1.2065765845759364 -0.004682407105641589
0.012067577066561553 0.007707978466179841 2.7131763784788764e-05
0.0 0.0 0.0
     110 m=2.73237e-08 d=3.18582e+00
-0.486933099244893 -1.3649916164055262 0.00032650397515341734
0.013470733675647072 -0.004675400476146961 -2.0986916941063014e-06
0.0 0.0 0.0
     111 m=2.73237e-08 d=3.18582e+00
-0.6730603160996675 -1.2886250704708788 -2.4780386437396456e-05
0.01266546042080925 -0.006577437636509613 2.2321207688222877e-07
0.0 0.0 0.0
     112 m=2.73237e-08 d=3.18582e+00
-0.24116905344680384 -1.4470940413659117 -0.0015410437107468377
0.013991436273069065 -0.0024210105071755094 8.822953341339356e-06
0.0 0.0 0.0
     113 m=2.73237e-08 d=3.18582e+00
1.3891203768867155 0.5189109801189655 0.000942315606457236
-0.004880868980487407 0.013232013729365315 -9.15958968302317e-05
0.0 0.0 0.0
     114 m=2.73237e-08 d=3.18582e+00
-0.826390571976443 -1.2363730462572293 -0.00807312581104844
0.011686150100979203 -0.007923687986932226 4.8674747885498996e-05
0.0 0.0 0.0
     115 m=2.73237e-08 d=3.18582e+00
-1.2442912084731128 0.864853478468097 0.003179463432799729
-0.007927523821920815 -0.011430775772989324 6.995471605193761e-05
0.0 0.0 0.0
     116 m=2.73237e-08 d=3.18582e+00
0.5864922547610841 -1.392483083855328 0.00015275879488044891
0.01290497416392091 0.005445353781776744 7.052943243729168e-06
0.0 0.0 0.0
     117 m=2.73237e-08 d=3.18582e+00
-1.4880550406328288 -0.37652704142791116 0.008543415345715531
0.0034862223014356635 -0.01339512358345981 -6.069427441866287e-05
0.0 0.0 0.0
     118 m=2.73237e-08 d=3.18582e+00
0.7879836425881979 -1.317933446599282 0.0063468514344073405
0.011935546053904525 0.007105962577078845 -7.326966252193123e-06
0.0 0.0 0.0
     119 m=2.73237e-08 d=3.18582e+00
0.9543270650635843 1.2197024717827032 0.00012076529102393596
-0.010908071618065413 0.008496147227213698 6.374976006619132e-05
0.0 0.0 0.0
     120 m=2.73237e-08 d=3.18582e+00
1.0526999843539429 -1.1563832691949227 0.0036929765011049437
0.010158933365970312 0.00925992176099448 -9.105380758599032e-05
0.0 0.0 0.0
     121 m=2.73237e-08 d=3.18582e+00
1.2170680867024248 -0.9986656687952642 -0.003990764086834448
0.00869543735342286 0.010595361129149761 -2.129114270496263e-05
0.0 0.0 0.0
     122 m=2.73237e-08 d=3.18582e+00
0.5071706449217953 -1.5035562408542906 -0.012000129059962655
0.012907774956170936 0.004443356441534878 -5.4436403960842165e-05
0.0 0.0 0.0
     123 m=2.73237e-08 d=3.18582e+00
-0.7643563956000683 1.4028038397087557 -0.0038993058662342714
-0.011937543731056426 -0.006539925513216112 -8.664003189139421e-05
0.0 0.0 0.0
     124 m=2.73237e-08 d=3.18582e+00
-0.4115739110117451 -1.5546366719832543 -0.003224106062203092
0.013125648586286648 -0.0034570681901257647 1.0801990800045143e-05
0.0 0.0 0.0
     125 m=2.73237e-08 d=3.18582e+00
-1.6208515499071101 -0.10169077469779264 -0.012098396118787998
0.0007888079116828233 -0.013468582043149827 3.039411691479488e-05
0.0 0.0 0.0
     126 m=2.73237e-08 d=3.18582e+00
-1.6211698131916517 -0.11818427919942165 -0.01238569692641773
0.0009469995026807161 -0.013497512941500617 5.189741007130995e-06
0.0 0.0 0.0
     127 m=2.73237e-08 d=3.18582e+00
1.174365638187318 1.1587123848196959 0.004563474313622515
-0.009444162757638909 0.009480768522342448 -9.452425950248849e-05
0.0 0.0 0.0
     128 m=2.73237e-08 d=3.18582e+00
-1.400994672243296 -0.8862676341625568 -0.001449071740960692
0.007186189097420356 -0.011271939463030713 1.13769406499336e-05
0.0 0.0 0.0
     129 m=2.73237e-08 d=3.18582e+00
0.6135055898205528 1.545264392832068 0.007511773448557598
-0.012443923010494205 0.004912880050780131 -6.135603347278817e-05
0.0 0.0 0.0
     130 m=2.73237e-08 d=3.18582e+00
-1.659672653271688 -0.24014885153047405 -0.009524343146075663
0.0019988210878237513 -0.013162821271711037 3.4503937442382054e-05
0.0 0.0 0.0
     131 m=2.73237e-08 d=3.18582e+00
-0.9416513193795365 1.3992787645604545 -0.005246227305308799
-0.011053749716483149 -0.007372092870136748 7.502427875588465e-05
0.0 0.0 0.0
     132 m=2.73237e-08 d=3.18582e+00
-0.9654536539796978 -1.411185071231757 0.0031669101167212774
0.010928389213006873 -0.007323330522485313 -2.0911122524538618e-05
0.0 0.0 0.0
     133 m=2.73237e-08 d=3.18582e+00
-1.4902932522322807 0.835199116454447 0.007697268660901054
-0.00646649799747691 -0.011524242509572223 5.994782783383904e-05
0.0 0.0 0.0
     134 m=2.73237e-08 d=3.18582e+00
-0.587037947865498 -1.632806952404803 -0.0014935787413305594
0.012275079289103256 -0.004457428253685509 -9.457562596621051e-06
0.0 0.0 0.0
     135 m=2.73237e-08 d=3.18582e+00
-1.7011447246050087 -0.4397726085689396 0.0013739192978989888
0.0031470826822897974 -0.012554613996415477 -9.423593476177289e-05
0.0 0.0 0.0
     136 m=2.73237e-08 d=3.18582e+00
1.6651853571070674 0.596440443344242 -0.007583363338959299
-0.0044325750761530225 0.012119448649073234 -1.202860827256244e-05
0.0 0.0 0.0
     137 m=2.73237e-08 d=3.18582e+00
0.0369040426770011 -1.7730766704621608 -0.003179854114535128
0.012915942408705815 0.00020941503566966632 1.2922333984803061e-05
0.0 0.0 0.0
     138 m=2.73237e-08 d=3.18582e+00
1.286171040632717 1.2485443347255645 0.008845882973956293
-0.008913523456175708 0.009222916275337407 -7.928255268205183e-05
0.0 0.0 0.0
     139 m=2.73237e-08 d=3.18582e+00
1.805476089323272 0.007092368385451575 -0.00023917215796959135
-0.00013820125164692477 0.012779751838658133 -2.795543773656649e-07
0.0 0.0 0.0
     140 m=2.73237e-08 d=3.18582e+00
-0.510451548947519 1.7490659528666415 -0.008573840793312327
-0.01222080570303126 -0.003491670327186197 1.9339357843402607e-05
0.0 0.0 0.0
     141 m=2.73237e-08 d=3.18582e+00
-0.9292441144342182 -1.5680521523545647 -5.46898308888856e-05
0.010981371625311247 -0.0064799227011017035 -8.828764470492866e-05
0.0 0.0 0.0
     142 m=2.73237e-08 d=3.18582e+00
-1.3158854486665141 1.3058311196682753 -0.008617254071635471
-0.00886083723074917 -0.008931201814803906 -5.9878176628925676e-05
0.0 0.0 0.0
     143 m=2.73237e-08 d=3.18582e+00
1.7357270671719307 0.6652515853669579 0.0021477994786695577
-0.004569281177560356 0.011734211470579445 -3.4744708714859795e-06
0.0 0.0 0.0
     144 m=2.73237e-08 d=3.18582e+00
-1.5952971933296856 0.9641483280067861 -0.010057078409145978
-0.006511341733092582 -0.010789469280034372 -3.493010911671179e-05
0.0 0.0 0.0
     145 m=2.73237e-08 d=3.18582e+00
0.7381385852751678 -1.7377876373811807 -0.011753390900111748
0.011501212109638314 0.004858360930289458 -5.247683822646391e-05
0.0 0.0 0.0
     146 m=2.73237e-08 d=3.18582e+00
1.7857994939288666 -0.6188802330830216 0.003503108821397701
0.004181898012232317 0.011797612723614926 -3.055848600027896e-05
0.0 0.0 0.0
     147 m=2.73237e-08 d=3.18582e+00
0.38068399021378907 -1.8621995690199353 -0.0032649061947076946
0.0122312457029908 0.002529404851973562 1.0978317164460252e-05
0.0 0.0 0.0
     148 m=2.73237e-08 d=3.18582e+00
-1.448519244163659 -1.2524625804835725 0.0012837648871247306
0.008132776183870951 -0.009414496299971768 -3.1266704667098315e-05
0.0 0.0 0.0
     149 m=2.73237e-08 d=3.18582e+00
0.33005214887276413 -1.9122612404531416 0.0077705793171140465
0.012132469453835323 0.0021363141449342532 -4.433557876351991e-05
0.0 0.0 0.0
     150 m=2.73237e-08 d=3.18582e+00
1.800770939438198 -0.7288303742700728 -0.003988949658939433
0.00470173388891125 0.011418520700992215 -6.464947838443555e-06
0.0 0.0 0.0
     151 m=2.73237e-08 d=3.18582e+00
1.3114075339692748 -1.454724693235263 -0.00232416081439915
0.009130506218516242 0.00822789198410254 -1.1776272092049167e-05
0.0 0.0 0.0
     152 m=2.73237e-08 d=3.18582e+00
-0.4368034745248112 1.9068268733886284 -0.003063059713342059
-0.012040982237411697 -0.0027346337357172876 5.4456610128070735e-05
0.0 0.0 0.0
     153 m=2.73237e-08 d=3.18582e+00
-1.9880538144770574 0.04272835215705495 0.012168512144851014
-0.0002485198752434012 -0.012186596160078387 -1.4038426722224942e-05
0.0 0.0 0.0
     154 m=2.73237e-08 d=3.18582e+00
1.797820927929905 -0.8485976537092768 -0.0036484167954415675
0.005213020303047391 0.011067410795672424 7.464816952905985e-05
0.0 0.0 0.0
    1000 m=9.55110e-04 d=1.32600e+00
-3.9221051541650103 3.615076175903113 -0.005799421994959031
-0.00521031798875617 -0.005195858472560751 -4.601181812421322e-05
0.0 0.0 0.0
    1001 m=2.85730e-04 d=6.87000e-01
-7.966838880651688 -5.799353977407862 0.15319269778096606
0.0029620957515577194 -0.0045172613406566356 6.08235514644637e-06
0.0 0.0 0.0
