)O+_05 Big-body initial data  (WARNING: Do not delete this line!!)
) Lines beginning with `)' are ignored.
)---------------------------------------------------------------------
 style (Cartesian, Asteroidal, Cometary) =  Cartesian
 epoch (in days) =  0.0
)---------------------------------------------------------------------
       1 m=5.01434e-08 d=3.24119e+00
0.34290461017670404 -0.06954067248990198 -6.21011394120359e-05
0.005373380283613741 0.028664379031107065 -0.0015932192332045489
0.0 0.0 0.0
       2 m=5.01434e-08 d=3.24119e+00
0.382610885230343 -0.13392478917622752 0.008516104387049405
0.008951784888123236 0.02614836142457145 0.00010870885735784217
0.0 0.0 0.0
       3 m=5.01434e-08 d=3.24119e+00
0.1760528795372646 -0.44952931665377915 0.022440439312944965
0.022429171351085474 0.00874911506942474 -0.00047089334588764763
0.0 0.0 0.0
       4 m=5.01434e-08 d=3.24119e+00
0.40967079073604573 -0.1880551550357759 0.0023678067070945397
0.009372237061296237 0.024791707069228223 0.00016854010091276679
0.0 0.0 0.0
       5 m=5.01434e-08 d=3.24119e+00
0.4265601572085115 0.25004281827235286 0.004126999793408989
-0.014044698759169473 0.020349810502848578 -0.001044543813261879
0.0 0.0 0.0
       6 m=5.01434e-08 d=3.24119e+00
0.39206454828122417 0.34871356526994374 0.0018259703660800895
-0.015796027933297815 0.017725870290140652 -0.0007667536056706212
0.0 0.0 0.0
       7 m=5.01434e-08 d=3.24119e+00
0.534110519978122 -0.0831819156600895 -0.036990825442198026
0.0035213240805311453 0.02307594502728854 -0.0010922200419392909
0.0 0.0 0.0
       8 m=5.01434e-08 d=3.24119e+00
-0.40105419611073356 0.33681786246149925 0.00026408384515625317
-0.017057061306952802 -0.017540392987000296 0.00030868217423604097
0.0 0.0 0.0
       9 m=5.01434e-08 d=3.24119e+00
-0.4850363528843553 -0.3662442725472422 0.04662018201697977
0.013286001655190342 -0.016613810011886512 0.00021000301454357994
0.0 0.0 0.0
      10 m=5.01434e-08 d=3.24119e+00
-0.5430435205463214 0.009482306151929798 -0.03782440209463959
0.0013929434113141032 -0.0240429363920889 -0.00048091854778751684
0.0 0.0 0.0
      11 m=5.01434e-08 d=3.24119e+00
0.032622800682458354 -0.6261688121553575 0.0030531299846889145
0.021117854302488446 0.0011957374165574323 -4.816152501781227e-05
0.0 0.0 0.0
      12 m=5.01434e-08 d=3.24119e+00
-0.16904846660271364 -0.6098122210191597 0.023138850641150087
0.02039579265236487 -0.005539949068277632 -0.0009042384841040952
0.0 0.0 0.0
      13 m=5.01434e-08 d=3.24119e+00
0.3332285162776056 0.4800748571876075 -0.003973670021046068
-0.019656224461771035 0.012120398026047413 -0.0009222151310959681
0.0 0.0 0.0
      14 m=5.01434e-08 d=3.24119e+00
0.6302086261205343 0.1342147470973143 0.024405659328632232
-0.004548283993932238 0.020649742168112883 -8.400625276118741e-05
0.0 0.0 0.0
      15 m=5.01434e-08 d=3.24119e+00
-0.06756268691424361 0.6471354472727587 0.02570533661539813
-0.02104870836493813 -0.0015178856832042745 -0.00020976414537873152
0.0 0.0 0.0
      16 m=5.01434e-08 d=3.24119e+00
0.29877290627995967 0.5924302065468812 -0.011138577196488067
-0.018982623128726745 0.00862660684321674 0.0005804678476606896
0.0 0.0 0.0
      17 m=5.01434e-08 d=3.24119e+00
-0.6559354252899372 -0.17549217659082764 -0.03435940177809932
0.004034556693826377 -0.02004303288304706 -0.0014239462974530153
0.0 0.0 0.0
      18 m=5.01434e-08 d=3.24119e+00
0.37970042055875486 -0.5276314130184709 -0.0070743554423480515
0.01761471742498978 0.012470402387231454 8.496125437515691e-05
0.0 0.0 0.0
      19 m=5.01434e-08 d=3.24119e+00
-0.2980831120769823 0.5538115243970702 0.005635968768448194
-0.020233054634467285 -0.009589044498031826 -0.0007649169250501617
0.0 0.0 0.0
      20 m=5.01434e-08 d=3.24119e+00
-0.6441147478892926 0.151562631742574 -0.006716087458687719
-0.0037440853196777334 -0.021060422956875956 0.0017201853215120084
0.0 0.0 0.0
      21 m=5.01434e-08 d=3.24119e+00
-0.44248638051073763 0.5934564431269927 -0.013498487399517851
-0.015319598233486156 -0.011651812269497113 9.555303056316085e-06
0.0 0.0 0.0
      22 m=5.01434e-08 d=3.24119e+00
0.5793880153699421 0.35538742913900667 0.050626667243208884
-0.00970957115997588 0.01870282886703888 0.00014764741690607926
0.0 0.0 0.0
      23 m=5.01434e-08 d=3.24119e+00
0.5957148721586897 0.3799363754797341 0.01783594800004619
-0.011020434134835392 0.017203400238094316 0.00046584521721665677
0.0 0.0 0.0
      24 m=5.01434e-08 d=3.24119e+00
0.5299936296961006 -0.45100986629932205 0.013155732418524895
0.013753308889347178 0.015637680297618212 -0.001119770852704754
0.0 0.0 0.0
      25 m=5.01434e-08 d=3.24119e+00
-0.223240310866817 0.6856397073797134 0.00982471526745732
-0.01930471986807813 -0.006084076377022948 2.5731460870082618e-05
0.0 0.0 0.0
      26 m=5.01434e-08 d=3.24119e+00
-0.5347168455881751 0.5007006097404021 -0.00040792480950888705
-0.014757948262589016 -0.013534934925578695 0.0004170399703579367
0.0 0.0 0.0
      27 m=5.01434e-08 d=3.24119e+00
0.08291081405832265 -0.7174175234681709 0.04005611921037035
0.020237860090126923 0.0023796196391555925 0.0006719163636811225
0.0 0.0 0.0
      28 m=5.01434e-08 d=3.24119e+00
-0.11939350477351819 -0.7218159286292251 0.05528255198751393
0.020125503999437213 -0.0017786576648266324 -0.0001039519013400132
0.0 0.0 0.0
      29 m=5.01434e-08 d=3.24119e+00
0.6920275758940293 0.34860458046856374 0.009078078756705434
-0.009942815736415414 0.016443918353504627 0.00033704226848147996
0.0 0.0 0.0
      30 m=5.01434e-08 d=3.24119e+00
-0.243646201246216 -0.768402699053054 0.049935632828848685
0.01760606756181188 -0.005683657555978883 -0.00039811662955465413
0.0 0.0 0.0
      31 m=5.01434e-08 d=3.24119e+00
0.43273530296945495 -0.6541995060629414 0.0013959569739183022
0.016395618579302926 0.009929936745955693 0.000841804838607932
0.0 0.0 0.0
      32 m=5.01434e-08 d=3.24119e+00
-0.70482412548146 0.1740267280941638 0.044804967644697255
-0.0034306360115509554 -0.020462908352528966 0.0008007199960952255
0.0 0.0 0.0
      33 m=5.01434e-08 d=3.24119e+00
-0.1369746505086033 0.748104615330534 0.019042948229704388
-0.01953955716717791 -0.004145150938654808 0.0005122226973087702
0.0 0.0 0.0
      34 m=5.01434e-08 d=3.24119e+00
0.24568358164656157 0.7068682285947041 -0.01517680212536564
-0.019289790975508203 0.006547570691485063 0.0008961772291643199
0.0 0.0 0.0
      35 m=5.01434e-08 d=3.24119e+00
0.11474227538211366 0.753880657314915 -0.047877313999825824
-0.01987563051743493 0.0028841669657388726 -0.00013785442134558573
0.0 0.0 0.0
      36 m=5.01434e-08 d=3.24119e+00
-0.2298626104414245 -0.7709154931621711 0.012437535589074988
0.01832684323409545 -0.005585482331609236 -0.000993939773861177
0.0 0.0 0.0
      37 m=5.01434e-08 d=3.24119e+00
0.7941216284100785 -0.22786454791905042 0.0562326475704382
0.0051619259411278574 0.01800044923448241 -0.0003200509346551271
0.0 0.0 0.0
      38 m=5.01434e-08 d=3.24119e+00
-0.43121985069302227 0.6901821874207771 -0.031645427735729766
-0.016264646155428115 -0.010012385742639367 -0.0012258418621545009
0.0 0.0 0.0
      39 m=5.01434e-08 d=3.24119e+00
-0.2845945696272594 0.7427729722736932 -0.005640952699805651
-0.017822249209053433 -0.00832218901157164 0.0004930394566426273
0.0 0.0 0.0
      40 m=5.01434e-08 d=3.24119e+00
-0.13323370225318956 0.8324092298795083 -0.0017477478145379562
-0.01837019313018183 -0.0033380234387014275 6.589610218867162e-05
0.0 0.0 0.0
      41 m=5.01434e-08 d=3.24119e+00
-0.6011807432279974 -0.5605543924495661 0.00022112328699743658
0.013075813337273062 -0.014106667494537954 5.265067441553924e-06
0.0 0.0 0.0
      42 m=5.01434e-08 d=3.24119e+00
0.34568520319396573 -0.7656114233394059 0.009713641409943295
0.0169705106183534 0.008352361904807619 -0.00019364238740798514
0.0 0.0 0.0
      43 m=5.01434e-08 d=3.24119e+00
-0.4055533524861591 -0.7448515040386393 0.04690513761870755
0.015618725694258378 -0.010402053892527557 0.0011111326312164735
0.0 0.0 0.0
      44 m=5.01434e-08 d=3.24119e+00
0.7492074168071914 -0.39630613585925045 0.010424937658122201
0.009969538649906283 0.01608403874886381 -5.0353971552770754e-05
0.0 0.0 0.0
      45 m=5.01434e-08 d=3.24119e+00
0.6570770033984357 -0.581608100327649 -0.01865929769787806
0.012210091871676244 0.013681134868947217 0.0010570707192916354
0.0 0.0 0.0
      46 m=5.01434e-08 d=3.24119e+00
0.3890979768196544 0.8178336433512605 -0.0411777504099968
-0.01607301663539937 0.007776353292883745 -0.0004791352981634625
0.0 0.0 0.0
      47 m=5.01434e-08 d=3.24119e+00
0.8714178001032052 -0.08378839078653122 0.05950093486541844
0.002137020418954005 0.018392851253110166 0.0009949560329092562
0.0 0.0 0.0
      48 m=5.01434e-08 d=3.24119e+00
0.7058344563894541 0.6370334813148157 0.04193788085175247
-0.011925241882938248 0.012332122180296265 -8.63540881806664e-05
0.0 0.0 0.0
      49 m=5.01434e-08 d=3.24119e+00
-0.16685904231431348 -0.894676242366023 0.04157216765382489
0.017721521231539895 -0.0033134670687851977 0.0002487060413671197
0.0 0.0 0.0
      50 m=5.01434e-08 d=3.24119e+00
-0.8749516391463212 -0.0722976423003332 0.030847558145050653
0.00043406564194174886 -0.01874345486292403 0.0008181854152798393
0.0 0.0 0.0
      51 m=5.01434e-08 d=3.24119e+00
-0.6021224643628539 -0.6509637179939498 0.029310234127932874
0.013256417893279021 -0.013101388743217573 0.0010510733171552773
0.0 0.0 0.0
      52 m=5.01434e-08 d=3.24119e+00
-0.11669901387628295 0.8677851312301059 -0.037884179057006695
-0.018870159541372552 -0.0015421024495144726 0.0010763923744618795
0.0 0.0 0.0
      53 m=5.01434e-08 d=3.24119e+00
-0.30675478439094117 0.8352726028065981 0.00956364571973734
-0.01802682739685932 -0.005222403899804597 -0.00020052099623389742
0.0 0.0 0.0
      54 m=5.01434e-08 d=3.24119e+00
-0.47009271552347875 -0.8702762667327724 0.007281606253310096
0.01427652830234576 -0.009193657304100288 0.0001303548129253708
0.0 0.0 0.0
      55 m=5.01434e-08 d=3.24119e+00
-0.22792208307157236 -0.9343481050430665 0.03969213109306642
0.017045015776216834 -0.004125819214381551 0.00035278113275653535
0.0 0.0 0.0
      56 m=5.01434e-08 d=3.24119e+00
-0.4316456633842598 -0.8316413973568022 0.001484697348356791
0.01603783585218089 -0.008366939688978624 1.3087916589338116e-05
0.0 0.0 0.0
      57 m=5.01434e-08 d=3.24119e+00
-0.9938400332834755 0.04193501878808831 0.008931995334911957
-0.0018048267231467355 -0.01702481248150937 0.00038831909759453394
0.0 0.0 0.0
      58 m=5.01434e-08 d=3.24119e+00
0.5703074320209296 -0.7380341870422971 -0.016162449004302738
0.014574354687026794 0.011034631304724799 -0.001117276699179249
0.0 0.0 0.0
      59 m=5.01434e-08 d=3.24119e+00
-0.6997100996823419 0.7070800959927209 -0.01892265379685272
-0.012437897583047908 -0.011990470705202051 4.6176491133059595e-05
0.0 0.0 0.0
      60 m=5.01434e-08 d=3.24119e+00
0.7399462694360106 -0.6573031318936721 -0.007199922874727183
0.011741442984911754 0.012892976611298308 0.0003377216951666335
0.0 0.0 0.0
      61 m=5.01434e-08 d=3.24119e+00
0.9427427650438096 -0.38426643457297455 0.07174417861264487
0.006338760690256985 0.015751400869305987 -0.0006635180057855544
0.0 0.0 0.0
      62 m=5.01434e-08 d=3.24119e+00
0.6901676081945777 0.7352681017035799 -0.005382180538321874
-0.013513445358451701 0.010720150012693878 0.0008399579703961787
0.0 0.0 0.0
      63 m=5.01434e-08 d=3.24119e+00
0.29901756358219966 0.9228651034828284 0.011807858763050322
-0.016923053720112234 0.0060976600107755545 -0.0005812967168671373
0.0 0.0 0.0
      64 m=5.01434e-08 d=3.24119e+00
-0.5413031130180991 -0.8808046666943428 -0.055285112321688326
0.014161437862842383 -0.009299791840793182 -0.0009846499172707394
0.0 0.0 0.0
      65 m=5.01434e-08 d=3.24119e+00
0.9418070974050065 -0.5552042437314804 0.047892458301724845
0.00912010178431517 0.013264789913212907 0.0007029472152549035
0.0 0.0 0.0
      66 m=5.01434e-08 d=3.24119e+00
0.851113204634451 -0.6255357183074917 -0.011129644405422384
0.009840069601787127 0.013533910554993011 -0.0012260936879169666
0.0 0.0 0.0
      67 m=5.01434e-08 d=3.24119e+00
-0.451415171500833 -1.001388826853493 0.004283389673052827
0.014808679965482525 -0.006540256469678207 -0.0005695945836528942
0.0 0.0 0.0
      68 m=5.01434e-08 d=3.24119e+00
-0.6046484517939484 -0.9738881387303523 -0.0976164550269957
0.01316521401059975 -0.008186823994228726 0.0001889178300595273
0.0 0.0 0.0
      69 m=5.01434e-08 d=3.24119e+00
0.9967796626878002 -0.38782735671085744 -0.0009650585802058881
0.0059677278806998385 0.015640919982275608 0.0011680430608957302
0.0 0.0 0.0
      70 m=5.01434e-08 d=3.24119e+00
-0.30244297391860614 -1.0592371994996823 0.05073196033548852
0.015670161865309357 -0.004522083478867763 -0.0011246499740155565
0.0 0.0 0.0
      71 m=5.01434e-08 d=3.24119e+00
-1.1094913131718473 0.2220848211115674 -0.07156946034079185
-0.0019236213703769786 -0.015844923593296707 0.0002917836658690131
0.0 0.0 0.0
      72 m=5.01434e-08 d=3.24119e+00
1.0237896797428547 -0.25791831914390495 -0.02995403553122427
0.003228931687577722 0.016880696084048186 0.00017598930656809896
0.0 0.0 0.0
      73 m=5.01434e-08 d=3.24119e+00
0.24981854222005634 1.1485146453261892 -0.003010484490717821
-0.015177047218448236 0.0032354728917637662 1.6096261161378632e-05
0.0 0.0 0.0
      74 m=5.01434e-08 d=3.24119e+00
-0.9515771046963049 -0.5992024806607024 0.07611431102749415
0.008432091180712687 -0.013904645499996579 -0.0003503824602111733
0.0 0.0 0.0
      75 m=5.01434e-08 d=3.24119e+00
1.121947135829413 0.15567641973053623 0.013797514184400797
-0.002253707774705279 0.016093471868083294 -1.6574872257647036e-05
0.0 0.0 0.0
      76 m=5.01434e-08 d=3.24119e+00
-0.9978664340449418 0.44134785050121306 -0.09368446476851358
-0.0070535885487252505 -0.015308049249060738 -0.0002840328005105348
0.0 0.0 0.0
      77 m=5.01434e-08 d=3.24119e+00
0.15328969347105598 -1.1043495609729672 0.024711358349345992
0.016367015752689854 0.0029388615188733645 0.00014981500979810832
0.0 0.0 0.0
      78 m=5.01434e-08 d=3.24119e+00
0.8094379932807436 -0.9757582748222325 -0.003674270943100197
0.01144384817680474 0.009152842737028663 8.763008178843467e-05
0.0 0.0 0.0
      79 m=5.01434e-08 d=3.24119e+00
-0.2828852314898439 1.0646978431320313 -0.06881409966210532
-0.01602523987286511 -0.005375888731913324 0.000670394077765923
0.0 0.0 0.0
      80 m=5.01434e-08 d=3.24119e+00
-0.6578622479064289 -0.8603729595435613 -0.016072369340120168
0.013968164740962168 -0.01013502041099569 0.0007439675143126068
0.0 0.0 0.0
      81 m=5.01434e-08 d=3.24119e+00
-1.2716436936588338 -0.12848711364180476 0.058283514846377595
0.0009551882879620735 -0.014685252228350883 1.9230037042701064e-05
0.0 0.0 0.0
      82 m=5.01434e-08 d=3.24119e+00
-1.053696960083286 -0.7656114522093557 0.023485335113656584
0.008254397572073397 -0.011892852642228974 0.0008480594212401993
0.0 0.0 0.0
      83 m=5.01434e-08 d=3.24119e+00
0.3424675867251836 1.1406410096531616 -0.059510562373371476
-0.015311654759123435 0.004432607438212257 0.00039951186917160824
0.0 0.0 0.0
      84 m=5.01434e-08 d=3.24119e+00
0.9837227224244602 -0.7948717353576937 -0.01445470162609556
0.009631042036646758 0.01161660562761769 0.00028180462920483654
0.0 0.0 0.0
      85 m=5.01434e-08 d=3.24119e+00
-0.1606563747574581 1.1914784563638423 -0.005458871121128781
-0.01572318789316822 -0.0025690698498587027 0.0004560115693729132
0.0 0.0 0.0
      86 m=5.01434e-08 d=3.24119e+00
0.508022786509138 1.1189058734100872 0.0446339858369694
-0.01447464581111558 0.00588368993860661 0.0009052803626093288
0.0 0.0 0.0
      87 m=5.01434e-08 d=3.24119e+00
-1.2263284732821758 -0.17243754957246493 -0.10090975989106538
0.0019132634228502853 -0.015428046196648622 0.00038892834939764827
0.0 0.0 0.0
      88 m=5.01434e-08 d=3.24119e+00
0.4316123429422937 1.1162174080032177 -0.007907511894226496
-0.014629835867838817 0.006911717190791275 0.00025663912199093343
0.0 0.0 0.0
      89 m=5.01434e-08 d=3.24119e+00
-1.387468994484955 -0.17394504035554165 0.011537927162214228
0.0013304794131221492 -0.013806609180227717 7.35027739249547e-05
0.0 0.0 0.0
      90 m=5.01434e-08 d=3.24119e+00
1.165222047298448 -0.5011088044456413 0.007953881107731542
0.0057692214395963495 0.01429064881617226 -0.00021549517041510332
0.0 0.0 0.0
      91 m=5.01434e-08 d=3.24119e+00
0.17080784991889608 -1.256401883488602 0.021279297978934082
0.015419314605039326 0.0007946944550902288 0.0010246409455704015
0.0 0.0 0.0
      92 m=5.01434e-08 d=3.24119e+00
0.4252846355630028 1.2426111907033859 0.03375206581125629
-0.014103388046934198 0.005098636636104765 0.0002609190876823797
0.0 0.0 0.0
      93 m=5.01434e-08 d=3.24119e+00
-0.29248047936235233 -1.305070793119487 0.025199818672490052
0.014356037051677508 -0.0035429809547470647 -0.0001302190745311162
0.0 0.0 0.0
      94 m=5.01434e-08 d=3.24119e+00
-0.937962439461037 -1.056342819832557 0.06230865474773901
0.011165949544064455 -0.008456887144744001 0.000539735873185758
0.0 0.0 0.0
      95 m=5.01434e-08 d=3.24119e+00
0.28618594246025975 1.2653570025484635 -0.05210355745977661
-0.01467302576304274 0.0044908828641643354 9.265341967056547e-05
0.0 0.0 0.0
      96 m=5.01434e-08 d=3.24119e+00
-0.8863889783169684 -1.004083228176365 0.027509568456258154
0.011420043209189556 -0.009604889499151826 0.000659965480756187
0.0 0.0 0.0
      97 m=5.01434e-08 d=3.24119e+00
1.1421036977604637 0.8085423479838194 0.004731515286329129
-0.007660935972659689 0.012126641564203044 -0.00041065006715430006
0.0 0.0 0.0
      98 m=5.01434e-08 d=3.24119e+00
1.0737343479312282 0.830246788049199 0.007991835614755288
-0.008901847553148769 0.011868786602658978 -0.0007351356016658202
0.0 0.0 0.0
      99 m=5.01434e-08 d=3.24119e+00
-1.1900479501669836 0.5886890537943597 -0.049933939504237156
-0.006726904892119258 -0.013615761122573615 0.0010204931620666836
0.0 0.0 0.0
     100 m=5.01434e-08 d=3.24119e+00
-0.9948535006038663 -0.90693034788189 0.027832032956746747
0.010158053374980784 -0.011143271894093771 0.0001326430302115302
0.0 0.0 0.0
     101 m=5.01434e-08 d=3.24119e+00
0.5319995215908588 -1.3220658707447308 0.08171028714843084
0.013305122557568364 0.005195676311007137 0.00012259883040484197
0.0 0.0 0.0
     102 m=5.01434e-08 d=3.24119e+00
-1.4701630033686819 -0.31704874005197403 -0.025577193440740567
0.0027489318023753073 -0.013298638710541164 0.00019361348586162416
0.0 0.0 0.0
     103 m=5.01434e-08 d=3.24119e+00
0.4757093470804796 1.3408268401075438 0.07505376583366619
-0.013593166254684071 0.004804083557295161 0.00030775612322691637
0.0 0.0 0.0
     104 m=5.01434e-08 d=3.24119e+00
-1.2956609519895566 0.8358943001326913 -0.0028188147797462496
-0.007640120314940533 -0.010873731640915915 0.0011368985560405271
0.0 0.0 0.0
     105 m=5.01434e-08 d=3.24119e+00
-1.317698981317915 0.18229519037072872 0.02925863012223013
-0.0028880659170096128 -0.015231668980328279 0.00018626453738004363
0.0 0.0 0.0
     106 m=5.01434e-08 d=3.24119e+00
0.6993856613130198 1.2782126729412249 0.06682427916217114
-0.012489904433734307 0.006842447168945998 0.0001631867698961217
0.0 0.0 0.0
     107 m=5.01434e-08 d=3.24119e+00
1.357449537798788 0.0026505973050862525 -0.005723209992403517
6.133303032053125e-05 0.015312944833633822 -0.00023876839927693737
0.0 0.0 0.0
     108 m=5.01434e-08 d=3.24119e+00
-0.9024219273345019 1.1603867565493788 0.0011725578783581521
-0.010409968158753904 -0.00970938356358016 -4.715056806395405e-06
0.0 0.0 0.0
     109 m=5.01434e-08 d=3.24119e+00
0.8399906077055196 -1.2966619639171686 -0.05034469946157213
0.011841718894801734 0.006638346581712697 0.0002314141958434625
0.0 0.0 0.0
     110 m=5.01434e-08 d=3.24119e+00
-0.5223366876418443 -1.464243959366991 0.0035024525107744493
0.013116865974134117 -0.003398771409980875 -2.2320880860322274e-05
0.0 0.0 0.0
     111 m=5.01434e-08 d=3.24119e+00
-0.695204653906583 -1.3310221289804764 -0.0002559568599564663
0.012635696238470561 -0.006228453607913566 2.2531773128020828e-06
0.0 0.0 0.0
     112 m=5.01434e-08 d=3.24119e+00
-0.25051533607550414 -1.5034775469047477 -0.016011269764519987
0.013569896433779758 -0.003139056438072105 7.819585725303136e-05
0.0 0.0 0.0
     113 m=5.01434e-08 d=3.24119e+00
1.480591122324886 0.5534249351794387 0.010037557344665847
-0.004163970202126343 0.012784523144756898 -0.0008703752521517297
0.0 0.0 0.0
     114 m=5.01434e-08 d=3.24119e+00
-0.8368300425082925 -1.2545347859990987 -0.08192917185869115
0.011219596828165496 -0.008619632219193804 0.0004418294201118346
0.0 0.0 0.0
     115 m=5.01434e-08 d=3.24119e+00
-1.3924850915843754 0.9689361619806052 0.0355845760233358
-0.007058433366362447 -0.01041296274747252 0.0006303782787214142
0.0 0.0 0.0
     116 m=5.01434e-08 d=3.24119e+00
0.597621794787703 -1.418917463956439 0.001556579468252669
0.012853447912383084 0.005511786056427333 7.033864570073813e-05
0.0 0.0 0.0
     117 m=5.01434e-08 d=3.24119e+00
-1.6151847914270763 -0.41075642077962493 0.09282720276950701
0.004044235056872168 -0.012262286413228136 -0.0006117335049015744
0.0 0.0 0.0
     118 m=5.01434e-08 d=3.24119e+00
0.8046230718721876 -1.345428798112616 0.0648331190468641
0.011992500472213325 0.006871754055920722 -6.340761115641733e-05
0.0 0.0 0.0
     119 m=5.01434e-08 d=3.24119e+00
0.9808499181994106 1.2535547289717321 0.0012407529153811592
-0.010939690441230509 0.0081792638062988 0.0006298744319003522
0.0 0.0 0.0
     120 m=5.01434e-08 d=3.24119e+00
1.1012982827124265 -1.207888635706186 0.0385809872096615
0.009802793220056727 0.00902912510492122 -0.0008858846372693293
0.0 0.0 0.0
     121 m=5.01434e-08 d=3.24119e+00
1.2599899955468228 -1.0342962994100926 -0.04132877763701549
0.00853146659781022 0.01038371253950355 -0.00020900575902596148
0.0 0.0 0.0
     122 m=5.01434e-08 d=3.24119e+00
0.5202569737191847 -1.5500954469824255 -0.12385309314905067
0.012403870330495888 0.005080980116067341 -0.00047660714233104613
0.0 0.0 0.0
     123 m=5.01434e-08 d=3.24119e+00
-0.7836240545685864 1.4408035386458369 -0.04001358905383517
-0.011635027057020728 -0.006698345275958785 -0.0008486813345643404
0.0 0.0 0.0
     124 m=5.01434e-08 d=3.24119e+00
-0.41856242606804006 -1.5815376861119472 -0.03280227779821296
0.013124102598530538 -0.003299825942948689 0.0001107452837199052
0.0 0.0 0.0
     125 m=5.01434e-08 d=3.24119e+00
-1.6743997806758568 -0.10646923774720846 -0.12520614474814298
0.0002661310655107654 -0.013202699687642667 0.0002600340540072139
0.0 0.0 0.0
     126 m=5.01434e-08 d=3.24119e+00
-1.5746577856400674 -0.11503551527857303 -0.1205355096314922
0.0006575911126310762 -0.014043493815805577 2.905120044679869e-05
0.0 0.0 0.0
     127 m=5.01434e-08 d=3.24119e+00
1.2188676675144405 1.2049453395338086 0.047382283568624804
-0.009572581092571666 0.00881801181512565 -0.0009355155889305156
0.0 0.0 0.0
     128 m=5.01434e-08 d=3.24119e+00
-1.4217571742194626 -0.8994750151330697 -0.014706005014958274
0.007520527978276197 -0.011021371040920363 0.00011713585159943955
0.0 0.0 0.0
     129 m=5.01434e-08 d=3.24119e+00
0.594526346921508 1.5019448644433753 0.0730061623534973
-0.013000780400544022 0.004901110905311509 -0.0006477151014434657
0.0 0.0 0.0
     130 m=5.01434e-08 d=3.24119e+00
-1.6211498006821439 -0.23576377277775917 -0.09313154675519683
0.0028702184094983344 -0.013449869519732278 0.00040263534889140376
0.0 0.0 0.0
     131 m=5.01434e-08 d=3.24119e+00
-0.9093682845236121 1.3487674417192712 -0.050587566786029284
-0.011822088826835598 -0.007284232923813011 0.0007689915059221476
0.0 0.0 0.0
     132 m=5.01434e-08 d=3.24119e+00
-0.9796870329035913 -1.4324326918458015 0.0321450888525763
0.01147722682132609 -0.006332307607092289 -0.00022836927383010626
0.0 0.0 0.0
     133 m=5.01434e-08 d=3.24119e+00
-1.4089444032314393 0.7914836614403015 0.07283645176412215
-0.006920129793205528 -0.012230480747124814 0.0006406051546357112
0.0 0.0 0.0
     134 m=5.01434e-08 d=3.24119e+00
-0.5993552746847978 -1.6669058217409336 -0.015248110670320496
0.012023899923437801 -0.004760042472986025 -9.679576305706305e-05
0.0 0.0 0.0
     135 m=5.01434e-08 d=3.24119e+00
-1.809915669287342 -0.4684359959038853 0.01460623113146705
0.0021366211774871153 -0.012060663355192904 -0.0008839674789224651
0.0 0.0 0.0
     136 m=5.01434e-08 d=3.24119e+00
1.7609486631743834 0.6303357961201599 -0.08023634988810166
-0.004947416022293793 0.011269360614336602 -8.124663771044471e-05
0.0 0.0 0.0
     137 m=5.01434e-08 d=3.24119e+00
0.0377076145335333 -1.8039217252804918 -0.032354669413289336
0.012816714996556523 -0.00032294830432728954 0.00011862126077127446
0.0 0.0 0.0
     138 m=5.01434e-08 d=3.24119e+00
1.3468740604772336 1.3114371256942943 0.09278596100141125
-0.008354972289555887 0.009032131573802202 -0.0007485876021700231
0.0 0.0 0.0
     139 m=5.01434e-08 d=3.24119e+00
1.8870085724760224 0.007412366725369601 -0.002499729419171797
-0.0009227524308499909 0.012302297324898808 -1.6456876777728933e-06
0.0 0.0 0.0
     140 m=5.01434e-08 d=3.24119e+00
-0.5429839791941118 1.858044535023497 -0.09115309547148136
-0.011739507906018043 -0.0026789065601628788 0.0001524692013315075
0.0 0.0 0.0
     141 m=5.01434e-08 d=3.24119e+00
-0.9324924693001261 -1.573496705083563 -0.0005483665607754137
0.011117290494828116 -0.006312870304061777 -0.0008864148206462565
0.0 0.0 0.0
     142 m=5.01434e-08 d=3.24119e+00
-1.4346347989499002 1.426797279082451 -0.0940832067675575
-0.008123097536954164 -0.008221334249232595 -0.0005497666389848716
0.0 0.0 0.0
     143 m=5.01434e-08 d=3.24119e+00
1.82054236443286 0.6977909353585827 0.02252860327726925
-0.004944544307613529 0.011036051547147197 -4.028604850960862e-05
0.0 0.0 0.0
     144 m=5.01434e-08 d=3.24119e+00
-1.6109440164823692 0.9752375064558328 -0.10168753589503207
-0.006414364606895382 -0.010783493884580261 -0.00034387367158809283
0.0 0.0 0.0
     145 m=5.01434e-08 d=3.24119e+00
0.7808771917924875 -1.845033690049524 -0.12484241258829133
0.010952095335751071 0.004398746228632483 -0.000509975834983052
0.0 0.0 0.0
     146 m=5.01434e-08 d=3.24119e+00
1.791867237427081 -0.6205310573644732 0.03514786336482374
0.004933502563039334 0.011547470309570908 -0.00029123424855142946
0.0 0.0 0.0
     147 m=5.01434e-08 d=3.24119e+00
0.37866105061881883 -1.8516017439542125 -0.03246650024677242
0.0123253403598484 0.002807064901620417 0.0001154397447040178
0.0 0.0 0.0
     148 m=5.01434e-08 d=3.24119e+00
-1.4460787104609145 -1.2505631779907018 0.012815797756427653
0.008155630691433111 -0.009519460501316015 -0.00031476445218851074
0.0 0.0 0.0
     149 m=5.01434e-08 d=3.24119e+00
0.349152389188076 -2.014377391042851 0.08189135197122197
0.01148745935156974 0.002396432841004067 -0.0004372269629781659
0.0 0.0 0.0
     150 m=5.01434e-08 d=3.24119e+00
1.7974682708192387 -0.7276023836090291 -0.039822544580728314
0.00534495278350694 0.011232015550774604 -7.8690361852481e-05
0.0 0.0 0.0
     151 m=5.01434e-08 d=3.24119e+00
1.3273726473436112 -1.4726011650015336 -0.02352675772081067
0.009082146332785833 0.008157402597207755 -0.00011721256792655062
0.0 0.0 0.0
     152 m=5.01434e-08 d=3.24119e+00
-0.41005843537499526 1.787264912389169 -0.028705341184505146
-0.012902729728939326 -0.0027159410910477604 0.0005785730681736256
0.0 0.0 0.0
     153 m=5.01434e-08 d=3.24119e+00
-2.031873037953142 0.042964030819843235 0.12451750368398418
-0.00012729260338575476 -0.011959690349031257 -0.00014506088255077418
0.0 0.0 0.0
    1000 m=9.55110e-04 d=1.32600e+00
-3.9221051541650103 3.615076175903113 -0.005799421994959031
-0.00521031798875617 -0.005195858472560751 -4.601181812421322e-05
0.0 0.0 0.0
    1001 m=2.85730e-04 d=6.87000e-01
-7.966838880651688 -5.799353977407862 0.15319269778096606
0.0029620957515577194 -0.0045172613406566356 6.08235514644637e-06
0.0 0.0 0.0
