)O+_05 Big-body initial data  (WARNING: Do not delete this line!!)
) Lines beginning with `)' are ignored.
)---------------------------------------------------------------------
 style (Cartesian, Asteroidal, Cometary) =  Cartesian
 epoch (in days) =  0.0
)---------------------------------------------------------------------
       1 m=2.35461e-07 d=3.49659e+00
0.4321442471633854 -0.08763621315485806 -7.83011390721993e-06
0.005113016825732649 0.025406641503771102 -0.00014146209440391166
0.0 0.0 0.0
       2 m=6.56889e-07 d=3.94288e+00
0.6522086615445174 -0.2282607148184228 0.0014514488138281034
0.006837994673191473 0.019582563298054922 8.423675451669208e-06
0.0 0.0 0.0
       3 m=4.69748e-07 d=3.76408e+00
0.3236482856765837 -0.8274941691794481 0.0041274309300902
0.016950651751856366 0.0066287093666132025 -3.564137048136848e-05
0.0 0.0 0.0
       4 m=3.73998e-07 d=3.66039e+00
0.9289758618078683 -0.42641709643815634 0.0005369223490745223
0.007007745305090621 0.015565525787617038 1.143354558304733e-05
0.0 0.0 0.0
       5 m=3.14189e-07 d=3.58113e+00
0.9952723545480979 0.5831824188948008 0.0009630901774064116
-0.00820867882777737 0.013769816171807833 -6.697416116822277e-05
0.0 0.0 0.0
       6 m=2.72823e-07 d=3.53303e+00
0.9487315936303561 0.8437348696502196 0.00044190708816032004
-0.010146827475365518 0.011407116492316143 -4.9281469333023e-05
0.0 0.0 0.0
       7 m=2.42286e-07 d=3.50359e+00
1.3582259063230078 -0.20932356155268816 -0.009393243198527537
0.0022347588517970763 0.014502357503904023 -6.864877040759716e-05
0.0 0.0 0.0
       8 m=2.18699e-07 d=3.47852e+00
-1.1205984440708008 0.9411076197065772 7.379025312166405e-05
-0.009253427031955235 -0.010848599443578449 1.7989277517077406e-05
0.0 0.0 0.0
       9 m=1.99859e-07 d=3.45829e+00
-1.2549744336188133 -0.9485087834583066 0.012043497778328402
0.008268947351702834 -0.010883099554519467 1.6068494140958243e-05
0.0 0.0 0.0
      10 m=1.84419e-07 d=3.44152e+00
-1.6379536876343166 0.027178401169666966 -0.011391594015820145
-0.00011834646436888543 -0.013481175188190052 -3.320789458346804e-05
0.0 0.0 0.0
      11 m=1.71505e-07 d=3.42637e+00
0.09048121950234807 -1.736897011884819 0.0008468856482025923
0.012991810755900848 0.0006824010503626021 -2.936388502677851e-06
0.0 0.0 0.0
      12 m=1.60521e-07 d=3.41256e+00
-0.4864636771533791 -1.749597798532881 0.006639186088613037
0.012274542672697671 -0.0034044707930040233 -5.419429585816476e-05
0.0 0.0 0.0
      13 m=1.51050e-07 d=3.39988e+00
1.067980973909835 1.5390623869092361 -0.001274113523111247
-0.010392969186151872 0.007125223957956877 -5.0782786579950516e-05
0.0 0.0 0.0
      14 m=1.42789e-07 d=3.38958e+00
1.9171383426757609 0.40815134414294635 0.007420765882915759
-0.0025634980120813576 0.012000240252824064 -4.578432318903145e-06
0.0 0.0 0.0
      15 m=1.35511e-07 d=3.38016e+00
-0.2102109730030256 2.0177412139474042 0.00801067479711016
-0.012003759923112957 -0.001212870591133966 -1.3359962017816654e-05
0.0 0.0 0.0
      16 m=3.50565e-09 d=3.10507e+00
0.14499943783879243 0.28735480361338367 -0.0005403472730002464
-0.027089324877878004 0.013533572935972658 8.247214976039407e-05
0.0 0.0 0.0
      17 m=1.01789e-08 d=3.13377e+00
-0.3500122700180491 -0.09426811744878288 -0.001834049636793917
0.007240813013522271 -0.027580863067724136 -0.00019015978293927073
0.0 0.0 0.0
      18 m=1.62328e-08 d=3.15429e+00
0.23159067590118484 -0.3218329276800522 -0.0004314834330865644
0.022212631203563326 0.015957709423368452 1.097299669170806e-05
0.0 0.0 0.0
      19 m=2.17849e-08 d=3.17111e+00
-0.20277863024951615 0.37688320331828723 0.0003835764911679073
-0.02329728313060573 -0.012373596653833153 -9.127784293813988e-05
0.0 0.0 0.0
      20 m=2.69393e-08 d=3.18480e+00
-0.4481499844807364 0.10564113065306288 -0.00046779893612754826
-0.005683002163425337 -0.02474021008647833 0.0002027246634289963
0.0 0.0 0.0
      21 m=3.17699e-08 d=3.19813e+00
-0.29544017034201936 0.3962425609644677 -0.0009011742973800872
-0.019530999871134373 -0.01458954452179593 8.250512706735559e-07
0.0 0.0 0.0
      22 m=3.63309e-08 d=3.21078e+00
0.440757633491585 0.27039162883383183 0.003844441940175198
-0.01237122841980131 0.020499875767649466 5.3514250324681884e-06
0.0 0.0 0.0
      23 m=4.06627e-08 d=3.22141e+00
0.4587213564205487 0.2927485296892433 0.0013735101134560188
-0.012546188559546522 0.01965281300396118 5.3235819440996924e-05
0.0 0.0 0.0
      24 m=4.47968e-08 d=3.23055e+00
0.43204542113664607 -0.3680354509159288 0.0010732939209091466
0.014850883246294033 0.017378492446935786 -0.00012341367159627916
0.0 0.0 0.0
      25 m=4.87579e-08 d=3.23854e+00
-0.1835097378961183 0.5636001399705024 0.0008075504859034944
-0.0212506176564335 -0.0068970228934896235 2.5807218500212995e-06
0.0 0.0 0.0
      26 m=5.25661e-08 d=3.24564e+00
-0.4498045843216044 0.42119494716286277 -3.4317355309722416e-05
-0.015089051309642653 -0.01587273079199951 4.581798368846799e-05
0.0 0.0 0.0
      27 m=5.62378e-08 d=3.25201e+00
0.073643685919459 -0.6322072578693854 0.003527278840824343
0.021433979805038885 0.0024975170471177206 7.118168654701513e-05
0.0 0.0 0.0
      28 m=5.97867e-08 d=3.25778e+00
-0.10742065321322344 -0.6495184366175015 0.0049651836608833886
0.020949641889542278 -0.0033002598727222684 -6.8847485673723515e-09
0.0 0.0 0.0
      29 m=6.32245e-08 d=3.26521e+00
0.6090685063750763 0.3068963720993942 0.0007990335174732813
-0.009493218017985562 0.01849625170694206 3.8266676327267115e-05
0.0 0.0 0.0
      30 m=6.65783e-08 d=3.27225e+00
-0.21327389858187265 -0.6710599673191874 0.004356723752783642
0.019470470122106415 -0.006196125659580114 -4.4433257145132295e-05
0.0 0.0 0.0
      31 m=6.40055e-08 d=3.26688e+00
0.3977891445344192 -0.6013181946122517 0.00012835554145842684
0.016918038351962032 0.011097241506860455 8.873994313611596e-05
0.0 0.0 0.0
      32 m=6.15566e-08 d=3.26157e+00
-0.712873512187722 0.17501504150235742 0.004525908634872609
-0.004648764600214159 -0.01958837897901505 8.608532187666447e-05
0.0 0.0 0.0
      33 m=5.93158e-08 d=3.25704e+00
-0.13614985584857592 0.742232183039638 0.001889285087548537
-0.01949231799489023 -0.0036319664642520946 5.207616363412043e-05
0.0 0.0 0.0
      34 m=5.72566e-08 d=3.25370e+00
0.25330923597503474 0.7277760012533716 -0.0015630921111573913
-0.01855995687286775 0.0064423948254528785 8.609287460975364e-05
0.0 0.0 0.0
      35 m=5.53568e-08 d=3.25052e+00
0.11853146683263675 0.7799623952560315 -0.004946815494494313
-0.019188780260255927 0.0029028214652455434 -1.403799643453895e-05
0.0 0.0 0.0
      36 m=5.35979e-08 d=3.24747e+00
-0.23158500819525132 -0.7755663404352178 0.001251863374647326
0.018318589484129715 -0.005480580129795177 -9.9252636218069e-05
0.0 0.0 0.0
      37 m=5.19641e-08 d=3.24455e+00
0.7956017232356178 -0.22878312856757435 0.005626352095312754
0.005217937721678445 0.018153648325198474 -3.2151963956065805e-05
0.0 0.0 0.0
      38 m=5.04420e-08 d=3.24175e+00
-0.4471318385716917 0.7136983661056006 -0.0032754463985581106
-0.015899535815851552 -0.009941289621882222 -0.00011962547174050421
0.0 0.0 0.0
      39 m=4.90200e-08 d=3.23905e+00
-0.3062024108337088 0.7993747871539475 -0.0006071117790096309
-0.017344132171366967 -0.00679027853420109 4.5951686585418044e-05
0.0 0.0 0.0
      40 m=4.76882e-08 d=3.23645e+00
-0.13839168358733578 0.8646547685169506 -0.00018154514026497948
-0.01813915345026657 -0.0029421565943852984 6.414752039503612e-06
0.0 0.0 0.0
      41 m=4.64378e-08 d=3.23394e+00
-0.6496147432311478 -0.6057153831928067 2.389380433860863e-05
0.012460837644057112 -0.013372040662088072 4.990179769353496e-07
0.0 0.0 0.0
      42 m=4.52614e-08 d=3.23152e+00
0.3722450261684716 -0.824559228642568 0.0010460977234437317
0.016470539197030457 0.007502708984656893 -1.7911396341927558e-05
0.0 0.0 0.0
      43 m=4.41522e-08 d=3.22918e+00
-0.43897504739608684 -0.8090989799890477 0.00508832807171107
0.015684623751090143 -0.008698142498186956 9.834096496143481e-05
0.0 0.0 0.0
      44 m=4.31045e-08 d=3.22691e+00
0.8255984500079846 -0.43673705618733416 0.0011487469637601452
0.008441529557053636 0.015692134965909824 -6.098737788313825e-06
0.0 0.0 0.0
      45 m=4.21130e-08 d=3.22472e+00
0.7114064962284494 -0.6304680774475568 -0.0020221051838096357
0.011706307876027 0.013201191253208674 0.00010170331354500121
0.0 0.0 0.0
      46 m=4.11732e-08 d=3.22259e+00
0.4150183258274559 0.8736571603742579 -0.004395111514690642
-0.01577556423314686 0.007508410074668771 -4.633384351737936e-05
0.0 0.0 0.0
      47 m=4.02808e-08 d=3.22052e+00
0.9730345556705373 -0.0918352816142105 0.006635711708432817
0.001677108383264782 0.017335455993138914 9.110527244117242e-05
0.0 0.0 0.0
      48 m=3.94324e-08 d=3.21851e+00
0.7414123527703779 0.6690402545479386 0.0044020571154979255
-0.011542536234413937 0.012706841550058218 -6.278484785023814e-06
0.0 0.0 0.0
      49 m=3.86245e-08 d=3.21656e+00
-0.18430766710811813 -0.989941279832804 0.004596590626481989
0.01685333854501058 -0.003139545503765549 2.3579495321492775e-05
0.0 0.0 0.0
      50 m=3.78542e-08 d=3.21466e+00
-1.0128575726148372 -0.0844303083643465 0.0035707398545510804
0.001313137482468303 -0.01704813999771752 7.144736141167788e-05
0.0 0.0 0.0
      51 m=3.71188e-08 d=3.21281e+00
-0.6984326180574038 -0.7564565917196758 0.003403657860295323
0.012441233324449578 -0.011570314242219328 9.402937219404459e-05
0.0 0.0 0.0
      52 m=3.64159e-08 d=3.21100e+00
-0.13741066150867332 1.0316754270379043 -0.0045029494011470635
-0.016777590750453653 -0.0021448585179241987 9.945497510417735e-05
0.0 0.0 0.0
      53 m=3.57433e-08 d=3.20925e+00
-0.3635212289695273 0.9900303674835742 0.0011335140141716907
-0.015808968777808373 -0.0056734806705848705 -1.9119024806442576e-05
0.0 0.0 0.0
      54 m=3.50990e-08 d=3.20753e+00
-0.5122274608960762 -0.9483386898959442 0.0007934568279228484
0.014489905076484743 -0.007965802575973818 1.1882806885963719e-05
0.0 0.0 0.0
      55 m=3.44811e-08 d=3.20585e+00
-0.2569555852553187 -1.0552562343192904 0.004480177758355846
0.016038618680434817 -0.0039036636010674076 3.3268263416415085e-05
0.0 0.0 0.0
      56 m=3.38881e-08 d=3.20422e+00
-0.5043720761215923 -0.9717629835058188 0.00017348492204434618
0.014616344913424522 -0.007590319606113443 1.1866990876239048e-06
0.0 0.0 0.0
      57 m=3.33183e-08 d=3.20262e+00
-1.1123076132082315 0.046824032195778964 0.0009997207785578323
-0.0007870436924775409 -0.016269784941939227 3.61740675256161e-05
0.0 0.0 0.0
      58 m=3.27704e-08 d=3.20105e+00
0.683596372304273 -0.8836871033053376 -0.001936988358997077
0.012920452226376274 0.009971513405814987 -9.936270916261546e-05
0.0 0.0 0.0
      59 m=3.22431e-08 d=3.19952e+00
-0.7986808140460318 0.807137661977221 -0.0021597226592363497
-0.011491646681822395 -0.011341559497307531 4.6758975986275095e-06
0.0 0.0 0.0
      60 m=3.17351e-08 d=3.19802e+00
0.8567126064900027 -0.7611354557638444 -0.0008336992019187237
0.010696876427140258 0.012010005629475613 3.127488264244988e-05
0.0 0.0 0.0
      61 m=3.12455e-08 d=3.19656e+00
1.073978189979052 -0.4394462841519362 0.008166283758358484
0.006035874114273775 0.014780294501950182 -6.168454855981133e-05
0.0 0.0 0.0
      62 m=3.07731e-08 d=3.19512e+00
0.8012596712121729 0.8534010530123071 -0.0006250021266509861
-0.011687901795302753 0.01079016167585822 7.702867501868118e-05
0.0 0.0 0.0
      63 m=3.03170e-08 d=3.19371e+00
0.3627920214446637 1.1189415132228784 0.0014319357050109525
-0.015116714222960605 0.004957931280200871 -5.197699528113285e-05
0.0 0.0 0.0
      64 m=2.98764e-08 d=3.19243e+00
-0.6237976347878595 -1.0184429823844305 -0.006383901256701163
0.013399973178751889 -0.008268300425502844 -8.899846970406044e-05
0.0 0.0 0.0
      65 m=2.94505e-08 d=3.19137e+00
1.0445719508797056 -0.6145452249672797 0.005307154411334475
0.007997603385686763 0.013383376334099112 6.381450537819431e-05
0.0 0.0 0.0
      66 m=2.90384e-08 d=3.19032e+00
0.9812325087726321 -0.7205914221753523 -0.0012838434851313186
0.009224628558727042 0.012572959698916088 -0.00011412944653471412
0.0 0.0 0.0
      67 m=2.86396e-08 d=3.18930e+00
-0.506577190157149 -1.1235530618171876 0.00048070432591787774
0.014111973254288458 -0.006349845865129199 -5.4384991159796795e-05
0.0 0.0 0.0
      68 m=2.82533e-08 d=3.18830e+00
-0.6591002814487366 -1.060376671327902 -0.01060687009200868
0.013032216152070807 -0.0081001007169399 1.8681867548236998e-05
0.0 0.0 0.0
      69 m=2.78790e-08 d=3.18731e+00
1.1642619570953805 -0.453033143354977 -0.00011281272518257838
0.00557622174622361 0.014358972113022759 0.00010729747168324865
0.0 0.0 0.0
      70 m=2.75161e-08 d=3.18634e+00
-0.34867375182606564 -1.2139249193997463 0.005817172932465682
0.014708398549387635 -0.004224609624635783 -0.0001053735735933436
0.0 0.0 0.0
      71 m=2.71639e-08 d=3.18538e+00
-1.2521096603284587 0.25118011869659856 -0.008067209538435403
-0.0028766900073510055 -0.01492530203358259 2.113374617204451e-05
0.0 0.0 0.0
      72 m=2.68222e-08 d=3.18452e+00
1.2388627275162678 -0.3122599338279911 -0.0036238566049103297
0.0036392033762689766 0.014817421224541018 1.3398867492443249e-05
0.0 0.0 0.0
      73 m=2.64902e-08 d=3.18372e+00
0.27642315581712523 1.2708186119304057 -0.0003331061735649737
-0.0147086588062311 0.0031932356300834104 1.5467840404737632e-06
0.0 0.0 0.0
      74 m=2.61678e-08 d=3.18293e+00
-1.1044160205930622 -0.694276451172051 0.008817174036238988
0.007998670557213478 -0.012767993716390764 -3.3891973537223436e-05
0.0 0.0 0.0
      75 m=2.58543e-08 d=3.18215e+00
1.3021372644900497 0.18067076584810918 0.0016012666773592289
-0.0020649576689578814 0.014868637159295352 -1.5102436404254226e-06
0.0 0.0 0.0
      76 m=2.55494e-08 d=3.18138e+00
-1.2072053996151657 0.532989236562903 -0.011303533716944803
-0.006087401547698456 -0.013723203357614146 -2.3403156093348533e-05
0.0 0.0 0.0
      77 m=2.52528e-08 d=3.18063e+00
0.1831955748995039 -1.3187502374299007 0.002950501095014796
0.014787859889513255 0.002116124974821211 1.464349658940934e-05
0.0 0.0 0.0
      78 m=2.49642e-08 d=3.17989e+00
0.8669966000579855 -1.045162215378407 -0.00039355997319668527
0.011331376489797818 0.00936811083781709 8.86239866032892e-06
0.0 0.0 0.0
      79 m=2.46831e-08 d=3.17916e+00
-0.3449044421274253 1.303906080213245 -0.008415952711993123
-0.014337625425335426 -0.0038999202081304862 5.3560312359614955e-05
0.0 0.0 0.0
      80 m=2.44093e-08 d=3.17844e+00
-0.8233564093651106 -1.0761113558950202 -0.0020111933836245103
0.01181521097548113 -0.008988183595826961 6.347572435734992e-05
0.0 0.0 0.0
      81 m=2.41424e-08 d=3.17773e+00
-1.379423001161464 -0.13936700460993756 0.006318000982351089
0.0014149694186065803 -0.01449300266702663 -2.4629839491191946e-07
0.0 0.0 0.0
      82 m=2.38823e-08 d=3.17703e+00
-1.1304610935771044 -0.822284617131789 0.0025217153088741267
0.008501641547557072 -0.01173964515233821 8.430419565420894e-05
0.0 0.0 0.0
      83 m=2.36286e-08 d=3.17635e+00
0.4016717075882953 1.3348892408278243 -0.006960735265540852
-0.013973326072237896 0.0041874791862222165 3.584205389019688e-05
0.0 0.0 0.0
      84 m=2.33811e-08 d=3.17567e+00
1.0974200647016357 -0.8869350574751405 -0.0016126990865302732
0.00910426040555581 0.011236985794122092 2.719288142317857e-05
0.0 0.0 0.0
      85 m=2.31396e-08 d=3.17500e+00
-0.18867661125836488 1.399962553070421 -0.0006414821321820154
-0.01436043859668142 -0.00197756820726485 4.133100950075035e-05
0.0 0.0 0.0
      86 m=2.29039e-08 d=3.17434e+00
0.587488170060154 1.2976016158642192 0.005174479820704563
-0.013163862459299156 0.0058986152871656735 8.535114415672397e-05
0.0 0.0 0.0
      87 m=2.26736e-08 d=3.17369e+00
-1.4204156019910008 -0.19819724840406094 -0.0116621310446403
0.001965706012831447 -0.014239786241333159 3.749228314427016e-05
0.0 0.0 0.0
      88 m=2.24487e-08 d=3.17304e+00
0.5187466959618943 1.3413469109300395 -0.0009502855890482209
-0.01337501316218534 0.005289615325541754 2.3486466650758852e-05
0.0 0.0 0.0
      89 m=2.22289e-08 d=3.17241e+00
-1.457410072916119 -0.18274407665236675 0.001211935425582676
0.0017209351023919984 -0.014023466546585124 7.1862262180471085e-06
0.0 0.0 0.0
      90 m=2.20141e-08 d=3.17178e+00
1.3433674135047038 -0.5777894017028151 0.0009170253409407366
0.005595518074282752 0.013092118878668332 -1.9731681498998745e-05
0.0 0.0 0.0
      91 m=2.18041e-08 d=3.17117e+00
0.19901184201290795 -1.457952543187552 0.002470969284023867
0.014080068482945596 0.0017986377597847595 9.258426635460368e-05
0.0 0.0 0.0
      92 m=2.15987e-08 d=3.17056e+00
0.48019962648506037 1.404051830122885 0.003812783695669422
-0.013352569361000355 0.004592853959120538 2.3996854923893572e-05
0.0 0.0 0.0
      93 m=2.13977e-08 d=3.16995e+00
-0.3270045108466688 -1.458532544221912 0.0028160673709591456
0.01371458675192494 -0.0031052471027659062 -1.2895643887010554e-05
0.0 0.0 0.0
      94 m=2.12010e-08 d=3.16936e+00
-1.0029282854340942 -1.1315969867078175 0.006666990068530863
0.01050057475245066 -0.009172825267736743 5.8118844343604895e-05
0.0 0.0 0.0
      95 m=2.10086e-08 d=3.16877e+00
0.33272535663021324 1.4699002565192913 -0.006049711842584757
-0.013661714649127226 0.00320220474635484 1.2259931288427176e-05
0.0 0.0 0.0
      96 m=2.08201e-08 d=3.16827e+00
-1.004757290885721 -1.1392114151590689 0.003120519715296529
0.010494097531753684 -0.009212161033109022 6.23329484955118e-05
0.0 0.0 0.0
      97 m=2.06356e-08 d=3.16777e+00
1.2519627565574158 0.8862253917966603 0.0005187155147322849
-0.007955259332851045 0.01136115623554753 -3.9972972944555084e-05
0.0 0.0 0.0
      98 m=2.04548e-08 d=3.16727e+00
1.2157806208635693 0.9398007774677293 0.0009051648978170494
-0.008475801401224444 0.01099785293870403 -6.885802637508342e-05
0.0 0.0 0.0
      99 m=2.02776e-08 d=3.16679e+00
-1.3805753860322283 0.6850842570605848 -0.005798014521035408
-0.006167957108335435 -0.012438594193314135 9.303594592384123e-05
0.0 0.0 0.0
     100 m=2.01040e-08 d=3.16630e+00
-1.1460701863431875 -1.0449716714529254 0.003206099073829668
0.009322463836184547 -0.010224778981970085 1.2167369639479036e-05
0.0 0.0 0.0
     101 m=1.99339e-08 d=3.16582e+00
0.5855453140427535 -1.4541814802941315 0.0089787501372936
0.012739864467210479 0.005114250885857394 1.1027409142425917e-05
0.0 0.0 0.0
     102 m=1.97670e-08 d=3.16535e+00
-1.5482600446571502 -0.33369439120412037 -0.0026933535673967926
0.0028603773027624044 -0.013322378061505723 1.960216090046154e-05
0.0 0.0 0.0
     103 m=1.96034e-08 d=3.16489e+00
0.5283103470502662 1.4917275678955466 0.008341377575846323
-0.012890590033218586 0.0045650379695396336 2.920638795703372e-05
0.0 0.0 0.0
     104 m=1.94429e-08 d=3.16442e+00
-1.3471456107880662 0.8692572473816322 -0.00029345035177870404
-0.007379843256804569 -0.011345632804137654 0.00011568551860073263
0.0 0.0 0.0
     105 m=1.92855e-08 d=3.16397e+00
-1.5725695330149247 0.21736423856207554 0.003491240196618922
-0.001949522910100857 -0.013566862185515283 1.5137191803383386e-05
0.0 0.0 0.0
     106 m=1.91309e-08 d=3.16352e+00
0.7718122858682829 1.4114497793581358 0.007372982214748583
-0.011898940247395993 0.006508143595138032 1.5486900598210774e-05
0.0 0.0 0.0
     107 m=1.89793e-08 d=3.16307e+00
1.6049560622760022 0.003186026580700385 -0.0006766965748731638
-1.829989851601186e-05 0.01362984563071598 -2.1220121187074946e-05
0.0 0.0 0.0
     108 m=1.88304e-08 d=3.16263e+00
-0.9981061011086797 1.2834233217031803 0.00012968845938641913
-0.010574463377769527 -0.008376997284336676 -3.616025192645333e-07
0.0 0.0 0.0
     109 m=1.86842e-08 d=3.16219e+00
0.8916856301739905 -1.3773938158515384 -0.005345303955883393
0.011294537747409197 0.0072142115407505866 2.5393724732880576e-05
0.0 0.0 0.0
     110 m=1.85407e-08 d=3.16175e+00
-0.5542497000382429 -1.5536963807157216 0.00037164187558969583
0.012626214499309655 -0.004382286125122309 -1.967118654094604e-06
0.0 0.0 0.0
     111 m=1.83996e-08 d=3.16133e+00
-0.763861107451471 -1.4624700786457518 -2.812344298774863e-05
0.011888875348949925 -0.006174140819032156 2.095257866877836e-07
0.0 0.0 0.0
     112 m=1.82611e-08 d=3.16090e+00
-0.272896451934144 -1.6374689200781132 -0.0017437782954644369
0.013152979449657138 -0.0022759279910080678 8.294225247431644e-06
0.0 0.0 0.0
     113 m=1.81250e-08 d=3.16048e+00
1.5671987679851909 0.5854328122081469 0.0010631158264359916
-0.0045952066640240884 0.012457584481517023 -8.623506945058622e-05
0.0 0.0 0.0
     114 m=1.79912e-08 d=3.16007e+00
-0.9295436014117404 -1.390701555751909 -0.00908084227425814
0.011018671922177752 -0.0074711104672865285 4.589459087985603e-05
0.0 0.0 0.0
     115 m=1.78597e-08 d=3.15965e+00
-1.3954017858866765 0.9698839629877243 0.003565587317565617
-0.0074859846587405155 -0.010794116043837678 6.605844938911427e-05
0.0 0.0 0.0
     116 m=1.77304e-08 d=3.15924e+00
0.6557303313849852 -1.556872041552197 0.00017079266499390148
0.012204658770872286 0.00514985027858994 6.670200538696031e-06
0.0 0.0 0.0
     117 m=1.76033e-08 d=3.15884e+00
-1.658673729216848 -0.4196992012409849 0.009522993575358614
0.003302053376657711 -0.012687490709154104 -5.748793865078603e-05
0.0 0.0 0.0
     118 m=1.74783e-08 d=3.15844e+00
0.8756522003021566 -1.4645625365723185 0.007052981969619539
0.011322310748294921 0.006740865989714934 -6.950514737653071e-06
0.0 0.0 0.0
     119 m=1.73553e-08 d=3.15804e+00
1.0572505329215907 1.3512464809034062 0.00013378973830631153
-0.010363528415673048 0.008072010002863087 6.0567300350699875e-05
0.0 0.0 0.0
     120 m=1.72343e-08 d=3.15765e+00
1.1626407958979186 -1.277152450310841 0.004078659829288407
0.009666686602928106 0.008811236220035795 -8.664183435689033e-05
0.0 0.0 0.0
     121 m=1.71153e-08 d=3.15726e+00
1.340017145656532 -1.0995515646047833 -0.004393913831984334
0.008286930338160896 0.010097596706893551 -2.0290896161354662e-05
0.0 0.0 0.0
     122 m=1.69982e-08 d=3.15688e+00
0.5566710523897784 -1.6503049679711623 -0.013171354729437538
0.012320522268853237 0.00424120130481596 -5.195976297333926e-05
0.0 0.0 0.0
     123 m=1.68830e-08 d=3.15649e+00
-0.8363426417821005 1.5349183652516432 -0.004266538211828002
-0.011412237601469867 -0.00625213909445776 -8.282747707731466e-05
0.0 0.0 0.0
     124 m=1.67695e-08 d=3.15612e+00
-0.4489262032837529 -1.6957273528914585 -0.0035167090400141056
0.01256774069708004 -0.0033101249283039114 1.0342850373812892e-05
0.0 0.0 0.0
     125 m=1.66578e-08 d=3.15574e+00
-1.7623994079656526 -0.11057136055009437 -0.013154940783014874
0.0007564682534064301 -0.012916395212500785 2.9148014612727155e-05
0.0 0.0 0.0
     126 m=1.65479e-08 d=3.15537e+00
-1.7571910906464534 -0.1281003142137499 -0.013424896092594276
0.0009096084925518666 -0.012964581676297939 4.98483101719495e-06
0.0 0.0 0.0
     127 m=1.64396e-08 d=3.15500e+00
1.2688749663790866 1.2519619874100982 0.004930728665739434
-0.009085643950823811 0.00912086008942487 -9.093593456553182e-05
0.0 0.0 0.0
     128 m=1.63329e-08 d=3.15463e+00
-1.5089428661130526 -0.9545555386696312 -0.001560724326315596
0.0069243734491131895 -0.010861266977491487 1.0962442638312425e-05
0.0 0.0 0.0
     129 m=1.62279e-08 d=3.15427e+00
0.6586757258196613 1.659036465877434 0.008064837404120066
-0.012009660921346851 0.004741432706338755 -5.9214859885068436e-05
0.0 0.0 0.0
     130 m=1.61244e-08 d=3.15391e+00
-1.7761866040245564 -0.2570080143331036 -0.010192980329491145
0.0019321500215505093 -0.012723772807246134 3.3353051895935544e-05
0.0 0.0 0.0
     131 m=1.60224e-08 d=3.15356e+00
-1.004536326235059 1.4927248766098182 -0.005596578898590008
-0.010702170383154424 -0.007137613570080301 7.26380309589828e-05
0.0 0.0 0.0
     132 m=1.59220e-08 d=3.15320e+00
-1.0266274530219703 -1.5006016388765482 0.003367574252453391
0.010597792939658438 -0.007101791397913235 -2.0278537150482115e-05
0.0 0.0 0.0
     133 m=1.58229e-08 d=3.15285e+00
-1.57963156155355 0.885266629609253 0.008158695274439333
-0.0062809756711051795 -0.011193614667286952 5.8227938569973935e-05
0.0 0.0 0.0
     134 m=1.57254e-08 d=3.15250e+00
-0.620225694064508 -1.7251164579920053 -0.001578017085352014
0.011942149805278348 -0.004336532147620967 -9.201050898457933e-06
0.0 0.0 0.0
     135 m=1.56292e-08 d=3.15216e+00
-1.7915188109531477 -0.46313572819392257 0.0014469093847903477
0.0030666774211605655 -0.012233854385478273 -9.182828751916388e-05
0.0 0.0 0.0
     136 m=1.55343e-08 d=3.15182e+00
1.7479797851423184 0.6260959679697824 -0.007960414594876786
-0.004326325449275948 0.011828943271319437 -1.1740280355075834e-05
0.0 0.0 0.0
     137 m=1.54408e-08 d=3.15148e+00
0.038613469591301186 -1.8552071028414432 -0.0033271476849038237
0.012626810300314158 0.0002047271384279387 1.2633058796656596e-05
0.0 0.0 0.0
     138 m=1.53486e-08 d=3.15114e+00
1.3413809477601557 1.3021390858022004 0.009225599482899045
-0.008728160136396781 0.00903111890281183 -7.763381329880486e-05
0.0 0.0 0.0
     139 m=1.52577e-08 d=3.15081e+00
1.8768574341137603 0.007372772427408747 -0.0002486280739871287
-0.00013554771532363428 0.01253437391839763 -2.741867870881913e-07
0.0 0.0 0.0
     140 m=1.51680e-08 d=3.15048e+00
-0.5289053430313538 1.8122980127943626 -0.008883801440573751
-0.012005717571302206 -0.003430216371895674 1.899898205734905e-05
0.0 0.0 0.0
     141 m=1.50796e-08 d=3.15015e+00
-0.9596989338851176 -1.6194431102823734 -5.648222203739981e-05
0.010805726962260075 -0.006376277739591681 -8.687550293112368e-05
0.0 0.0 0.0
     142 m=1.49923e-08 d=3.14984e+00
-1.3545749890927965 1.3442250436572523 -0.00887061776686133
-0.008733378288283916 -0.008802730711158273 -5.901685744755242e-05
0.0 0.0 0.0
     143 m=1.49062e-08 d=3.14960e+00
1.7809195127456692 0.6825724802433188 0.0022037208921676064
-0.00451093379268503 0.011584371588489299 -3.4301036545652356e-06
0.0 0.0 0.0
     144 m=1.48213e-08 d=3.14936e+00
-1.6314756487920807 0.9860134685522493 -0.010285154760579708
-0.006438741488494163 -0.010669168712052111 -3.454064492182329e-05
0.0 0.0 0.0
     145 m=1.47375e-08 d=3.14912e+00
0.752404532470653 -1.7713737242846381 -0.011980547774571013
0.011391656022906597 0.0048120820679940016 -5.1976964214460694e-05
0.0 0.0 0.0
     146 m=1.46547e-08 d=3.14888e+00
1.814342029721623 -0.6287718313639343 0.003559099210722253
0.004148873578147676 0.01170444701689336 -3.0317165742422196e-05
0.0 0.0 0.0
     147 m=1.45731e-08 d=3.14864e+00
0.3854984414893209 -1.8857505176304281 -0.0033061969560679865
0.01215462825837169 0.002513560469408504 1.0909548158605565e-05
0.0 0.0 0.0
     148 m=1.44925e-08 d=3.14841e+00
-1.4620172687590258 -1.264133651326615 0.0012957276484693912
0.00809514628703029 -0.009370935956422992 -3.1122035387559586e-05
0.0 0.0 0.0
     149 m=1.44129e-08 d=3.14817e+00
0.3320319024215683 -1.9237315671574442 0.007817189624096933
0.012096245129778443 0.0021299356795964385 -4.4203204527714904e-05
0.0 0.0 0.0
     150 m=1.43344e-08 d=3.14794e+00
1.8056086447808266 -0.730788350444753 -0.003999665826472961
0.004695431036638374 0.011403213741718557 -6.456281331120871e-06
0.0 0.0 0.0
     151 m=1.42568e-08 d=3.14771e+00
1.310598612471111 -1.4538273687592431 -0.002322727191669939
0.009133323468195884 0.008230430728998121 -1.1779905702057715e-05
0.0 0.0 0.0
     152 m=1.41802e-08 d=3.14748e+00
-0.4350949712672709 1.8993685537672156 -0.0030510789306709084
-0.01206459987727512 -0.002739997550184838 5.4563423391376747e-05
0.0 0.0 0.0
     153 m=1.41046e-08 d=3.14726e+00
-1.9737458190781163 0.042420836806305595 0.012080935533738863
-0.00024941902693867337 -0.012230687597780123 -1.4089218133470773e-05
0.0 0.0 0.0
     154 m=1.40299e-08 d=3.14703e+00
1.7789915182276264 -0.8397098981793182 -0.0036102052396971666
0.005240535780656152 0.01112582704503122 7.504217912768181e-05
0.0 0.0 0.0
     155 m=1.39561e-08 d=3.14681e+00
0.505410086712905 1.9186840712499604 0.00269319668857613
-0.011818143358653676 0.003088656605629922 6.280500836628574e-05
0.0 0.0 0.0
     156 m=1.38832e-08 d=3.14659e+00
0.640752812849514 -1.872255053370776 -0.009697425243274285
0.011577423120130232 0.004059386109978224 -8.601216900374569e-05
0.0 0.0 0.0
     157 m=1.38112e-08 d=3.14637e+00
1.3007684314819268 -1.5178708567229966 0.004681597017167309
0.009238330737407397 0.007916754123550586 -8.879161117028206e-05
0.0 0.0 0.0
    1000 m=9.55110e-04 d=1.32600e+00
-3.9221051541650103 3.615076175903113 -0.005799421994959031
-0.00521031798875617 -0.005195858472560751 -4.601181812421322e-05
0.0 0.0 0.0
    1001 m=2.85730e-04 d=6.87000e-01
-7.966838880651688 -5.799353977407862 0.15319269778096606
0.0029620957515577194 -0.0045172613406566356 6.08235514644637e-06
0.0 0.0 0.0
