)O+_05 Big-body initial data  (WARNING: Do not delete this line!!)
) Lines beginning with `)' are ignored.
)---------------------------------------------------------------------
 style (Cartesian, Asteroidal, Cometary) =  Cartesian
 epoch (in days) =  0.0
)---------------------------------------------------------------------
       1 m=5.67751e-09 d=3.11558e+00
0.31238289503319205 -0.06334934262056739 -5.660132390591108e-06
0.00601378527320659 0.029882570647540276 -0.00016638370047243167
0.0 0.0 0.0
       2 m=1.65270e-08 d=3.15530e+00
0.33382875793216954 -0.11683376104219692 0.0007429146273140745
0.009557845958920353 0.02737163926398036 1.1774240288697966e-05
0.0 0.0 0.0
       3 m=2.64415e-08 d=3.18360e+00
0.14227385614440097 -0.3637615015943999 0.0018143940208613027
0.025565860175824802 0.009997766415940544 -5.375618044312926e-05
0.0 0.0 0.0
       4 m=3.55846e-08 d=3.20883e+00
0.3784413513339302 -0.1737115772781212 0.00021872863192561092
0.010979464481839462 0.024387464167989974 1.7913637292064406e-05
0.0 0.0 0.0
       5 m=4.41071e-08 d=3.22908e+00
0.3855581944325245 0.2259188245572889 0.0003730911525670946
-0.013188615490614576 0.022123512769422392 -0.00010760519177156144
0.0 0.0 0.0
       6 m=5.21191e-08 d=3.24483e+00
0.35456249819899033 0.3153228428454113 0.00016515069404446478
-0.01659799045663018 0.018659547640560593 -8.061370508802929e-05
0.0 0.0 0.0
       7 m=5.97022e-08 d=3.25765e+00
0.4940751003972918 -0.0761445936262887 -0.0034169334826875068
0.0037052724527718243 0.02404518309268729 -0.00011382096001247847
0.0 0.0 0.0
       8 m=6.69185e-08 d=3.27294e+00
-0.39913236324012935 0.3352017043252708 2.6282454940367852e-05
-0.015504904924771771 -0.01817775212996671 3.0142566273490546e-05
0.0 0.0 0.0
       9 m=7.38165e-08 d=3.28630e+00
-0.43949240335962203 -0.33216804556547685 0.004217636345141294
0.013973073783227472 -0.01839053347391243 2.7152942770972042e-05
0.0 0.0 0.0
      10 m=8.04348e-08 d=3.29799e+00
-0.5656951012046326 0.009386522046578916 -0.003934280302496663
-0.00020137931782813166 -0.02293967865788689 -5.650682674290012e-05
0.0 0.0 0.0
      11 m=8.68049e-08 d=3.30837e+00
0.03088818608058814 -0.5929362844686631 0.00028910708359741256
0.022235796340193778 0.0011679457978023013 -5.02569949239565e-06
0.0 0.0 0.0
      12 m=9.29529e-08 d=3.31769e+00
-0.1644373696852624 -0.5914095409576957 0.0022442174997544515
0.02111204261842238 -0.005855642396758931 -9.321343485797721e-05
0.0 0.0 0.0
      13 m=9.89004e-08 d=3.32613e+00
0.35795724008069574 0.5158505046331937 -0.0004270470836317524
-0.017951709459648427 0.012307353946416187 -8.771678371271591e-05
0.0 0.0 0.0
      14 m=1.04666e-07 d=3.33385e+00
0.637853759745444 0.13579660038689523 0.0024689733198920605
-0.004444256777675006 0.02080444331378291 -7.937485720104322e-06
0.0 0.0 0.0
      15 m=1.10265e-07 d=3.34305e+00
-0.06948903671800577 0.6670008292164972 0.0026480733482185043
-0.020877901338663976 -0.0021095217415590534 -2.3236716719001103e-05
0.0 0.0 0.0
      16 m=1.15712e-07 d=3.35173e+00
0.31049690550890335 0.6153318842813063 -0.001157081425055464
-0.01851197380779084 0.00924840869405151 5.635881599557278e-05
0.0 0.0 0.0
      17 m=1.18126e-07 d=3.35545e+00
-0.683609158232529 -0.18411511234736017 -0.0035820833603939428
0.005181136740535146 -0.019735383679841925 -0.0001360681233058904
0.0 0.0 0.0
      18 m=1.13898e-07 d=3.34889e+00
0.42107539970152974 -0.5851527836026241 -0.0007845180223448877
0.016473300760364094 0.011834534340779695 8.137778594909975e-06
0.0 0.0 0.0
      19 m=1.10011e-07 d=3.34264e+00
-0.34813557820614 0.6470427960872728 0.0006585340051597495
-0.017780426939545423 -0.00944349734041988 -6.96630164325389e-05
0.0 0.0 0.0
      20 m=1.06420e-07 d=3.33666e+00
-0.7339027577651267 0.1730008251803064 -0.0007660804221635703
-0.004440892615258637 -0.01933284787045855 0.00015841599824589794
0.0 0.0 0.0
      21 m=1.03091e-07 d=3.33178e+00
-0.46498233495566516 0.6236314817743865 -0.0014183248287215967
-0.015568294491264924 -0.01162942640455549 6.576540493055779e-07
0.0 0.0 0.0
      22 m=9.99948e-08 d=3.32763e+00
0.6705297437781299 0.4113499479644564 0.005848594495561442
-0.0100300647615318 0.016620425601694837 4.338707347463261e-06
0.0 0.0 0.0
      23 m=9.71077e-08 d=3.32364e+00
0.6776167206497982 0.4324440008875701 0.0020289297758487963
-0.01032272233203629 0.016169893407903313 4.380123729207634e-05
0.0 0.0 0.0
      24 m=9.44078e-08 d=3.31980e+00
0.6219573925291308 -0.5298108907340033 0.0015450761790503768
0.012377606758843862 0.014484266154566102 -0.00010286027237235461
0.0 0.0 0.0
      25 m=9.18769e-08 d=3.31610e+00
-0.25821263655583243 0.7930297311383057 0.0011362870576117564
-0.017914817082844734 -0.005814367636305029 2.1756148754027106e-06
0.0 0.0 0.0
      26 m=8.94988e-08 d=3.31253e+00
-0.6201557246906592 0.5807109727166982 -4.73141117129018e-05
-0.01285060289927761 -0.013518024171922077 3.902092331343692e-05
0.0 0.0 0.0
      27 m=8.72596e-08 d=3.30908e+00
0.09969450041805261 -0.8558450863375572 0.0047750231059283995
0.018421923809332493 0.0021465481059982855 6.117872733465151e-05
0.0 0.0 0.0
      28 m=8.51469e-08 d=3.30574e+00
-0.1430365774374639 -0.8648699423926345 0.006611418344212333
0.01815502907048013 -0.0028600161399093453 -5.9663459185909485e-09
0.0 0.0 0.0
      29 m=8.31498e-08 d=3.30251e+00
0.7989234277074986 0.40256013729538187 0.001048103111474647
-0.008288843744118365 0.016149691280687332 3.3411905223554165e-05
0.0 0.0 0.0
      30 m=8.12587e-08 d=3.29938e+00
-0.27590447643885824 -0.8681252144467271 0.005636130787655028
0.017118508449933477 -0.005447656312106386 -3.9065881980600336e-05
0.0 0.0 0.0
      31 m=7.94651e-08 d=3.29634e+00
0.5081070169070445 -0.7680802713557312 0.00016395206397666422
0.014969209821323503 0.009818924221485129 7.851778088579528e-05
0.0 0.0 0.0
      32 m=7.77611e-08 d=3.29339e+00
-0.9001101335805854 0.22098283873930114 0.005714641035555752
-0.004137099560240961 -0.017432389253734876 7.661036380778308e-05
0.0 0.0 0.0
      33 m=7.61401e-08 d=3.29052e+00
-0.17008407808240233 0.9272273979914483 0.0023601737243696464
-0.017439749968111855 -0.0032495153755304033 4.659247162475066e-05
0.0 0.0 0.0
      34 m=7.45958e-08 d=3.28773e+00
0.31332868640534783 0.9002162814644858 -0.0019334533777827846
-0.016687927334638922 0.005792589791271415 7.740921195878614e-05
0.0 0.0 0.0
      35 m=7.31226e-08 d=3.28501e+00
0.1452740686444573 0.9559344330776599 -0.006062896485819567
-0.017332856957167065 0.0026220629215034873 -1.268025277610009e-05
0.0 0.0 0.0
      36 m=7.17156e-08 d=3.28237e+00
-0.28141117112024716 -0.9424316100777469 0.001521205284778328
0.016617917106617305 -0.004971770690751795 -9.003815947259718e-05
0.0 0.0 0.0
      37 m=7.03702e-08 d=3.27979e+00
0.9590626999414498 -0.2757879458741307 0.006782318682527347
0.004752512332765276 0.016534393883573868 -2.9284099077877768e-05
0.0 0.0 0.0
      38 m=6.90823e-08 d=3.27727e+00
-0.5349677611804093 0.8538994187782756 -0.003918884936264979
-0.014535783360764578 -0.009088594405770565 -0.00010936482434384228
0.0 0.0 0.0
      39 m=6.78480e-08 d=3.27482e+00
-0.36378187055636035 0.9496922462324466 -0.0007212753746895378
-0.01591242447922557 -0.006229760780234267 4.215850843725887e-05
0.0 0.0 0.0
      40 m=6.66640e-08 d=3.27242e+00
-0.1633294341610919 1.0204628661623336 -0.00021425900939677986
-0.01669705149295523 -0.0027082487775121154 5.904765369111389e-06
0.0 0.0 0.0
      41 m=6.55271e-08 d=3.27008e+00
-0.7619001355334818 -0.7104128059869232 2.8023829436886354e-05
0.011506047236766733 -0.012347430879442543 4.607815765380971e-07
0.0 0.0 0.0
      42 m=6.44345e-08 d=3.26779e+00
0.4340206408579748 -0.9613982717900345 0.0012197020038183983
0.015253414811721488 0.006948280865949703 -1.6587796853052024e-05
0.0 0.0 0.0
      43 m=6.33834e-08 d=3.26555e+00
-0.5089787479814186 -0.9381266390212125 0.005899767803707044
0.014566130681962594 -0.008077865451513793 9.132812936740054e-05
0.0 0.0 0.0
      44 m=6.23715e-08 d=3.26336e+00
0.9522147190859311 -0.5037163687356935 0.0013249222638282616
0.007860282209460166 0.014611642175430591 -5.678804985950608e-06
0.0 0.0 0.0
      45 m=6.13965e-08 d=3.26121e+00
0.816409312963071 -0.7235244725524959 -0.002320565685870483
0.010927602386156721 0.012323045879742726 9.493799270821751e-05
0.0 0.0 0.0
      46 m=6.04564e-08 d=3.25911e+00
0.47401321845050415 0.9978476048874597 -0.0050198770147647205
-0.014761256138031845 0.00702564819004612 -4.335475561517153e-05
0.0 0.0 0.0
      47 m=5.95491e-08 d=3.25741e+00
1.1063316770788452 -0.10441590232449943 0.007544745477146156
0.0015728329258131776 0.01625761116101316 8.544073456463824e-05
0.0 0.0 0.0
      48 m=5.86730e-08 d=3.25601e+00
0.8393524757174673 0.7574200671341893 0.004983566195432967
-0.010848232180748228 0.011942502463888461 -5.900822774821609e-06
0.0 0.0 0.0
      49 m=5.78264e-08 d=3.25464e+00
-0.20779851580497022 -1.1161137890300414 0.005182446964540432
0.01587217449583473 -0.0029567681169101467 2.2206749319543616e-05
0.0 0.0 0.0
      50 m=5.70078e-08 d=3.25329e+00
-1.1374776998626839 -0.0948184577512109 0.004010077099070384
0.001239118800712198 -0.016087173712106204 6.742003024700526e-05
0.0 0.0 0.0
      51 m=5.62157e-08 d=3.25197e+00
-0.7814299700023779 -0.8463491487836322 0.003808127213569415
0.011761986160696132 -0.010938616167936064 8.889570234743815e-05
0.0 0.0 0.0
      52 m=5.54489e-08 d=3.25068e+00
-0.15318902177146282 1.1501389173038599 -0.005020006499310628
-0.015890076735320485 -0.002031398127606594 9.419392865283922e-05
0.0 0.0 0.0
      53 m=5.47060e-08 d=3.24940e+00
-0.40387292784864787 1.0999260326779474 0.0012593366966730016
-0.014998439079482211 -0.005382599928075998 -1.8138787725425034e-05
0.0 0.0 0.0
      54 m=5.39859e-08 d=3.24815e+00
-0.5672147319242832 -1.050142206006969 0.0008786338810426674
0.013769660175002408 -0.007569849071704771 1.1292152148769894e-05
0.0 0.0 0.0
      55 m=5.32875e-08 d=3.24692e+00
-0.2836419700899908 -1.1648509486752754 0.0049454711967857785
0.015265490054988284 -0.0037154906583575387 3.166459371900516e-05
0.0 0.0 0.0
      56 m=5.26099e-08 d=3.24572e+00
-0.5550676213797974 -1.0694370155208095 0.00019092227263033524
0.013932894764946623 -0.007235401526900062 1.1312098615253726e-06
0.0 0.0 0.0
      57 m=5.19521e-08 d=3.24453e+00
-1.2205444365957574 0.051380401713424007 0.001097001962342508
-0.0007513365285709657 -0.015531645645227805 3.453289643098656e-05
0.0 0.0 0.0
      58 m=5.13131e-08 d=3.24336e+00
0.7480156453400195 -0.9669620928932815 -0.002119522068976678
0.012351572517240608 0.00953247369214597 -9.498782908125365e-05
0.0 0.0 0.0
      59 m=5.06921e-08 d=3.24221e+00
-0.871589785361172 0.880818631407739 -0.002356876709567458
-0.01100051022094538 -0.010856837546958605 4.476056456483287e-06
0.0 0.0 0.0
      60 m=5.00885e-08 d=3.24108e+00
0.9324919996250025 -0.8284606970342246 -0.000907442974451003
0.010253024716573203 0.011511667485731361 2.9977175760147743e-05
0.0 0.0 0.0
      61 m=4.95013e-08 d=3.23997e+00
1.1660502736683696 -0.4771199868666869 0.008866378759026013
0.005792676438154273 0.014184766297222436 -5.919915231426163e-05
0.0 0.0 0.0
      62 m=4.89300e-08 d=3.23887e+00
0.8678518197994591 0.924326636526036 -0.0006769456300877031
-0.011230534099522741 0.010367924094707048 7.401441050659909e-05
0.0 0.0 0.0
      63 m=4.83738e-08 d=3.23780e+00
0.39202799484268863 1.2091125819918742 0.0015473297371417494
-0.014542120197507797 0.004769477780968743 -5.000132315364333e-05
0.0 0.0 0.0
      64 m=4.78321e-08 d=3.23673e+00
-0.6725503541370823 -1.0980390919629146 -0.006882833168212732
0.012905159959672185 -0.007962981579316748 -8.57120736269949e-05
0.0 0.0 0.0
      65 m=4.73044e-08 d=3.23569e+00
1.1237613931126325 -0.6611341588852189 0.005709492036161234
0.00771066780208116 0.01290321162551768 6.152498794901477e-05
0.0 0.0 0.0
      66 m=4.67900e-08 d=3.23466e+00
1.0534007755985595 -0.7735899047603555 -0.0013782683623844985
0.008903034141646367 0.012134633795644195 -0.00011015059875819872
0.0 0.0 0.0
      67 m=4.62886e-08 d=3.23364e+00
-0.5427289861335742 -1.2037352371079906 0.0005150097092893183
0.01363386707181037 -0.006134716449051357 -5.254245645263857e-05
0.0 0.0 0.0
      68 m=4.57995e-08 d=3.23264e+00
-0.7047464141985131 -1.133813287373353 -0.01134145117762929
0.012603106015708104 -0.007833389722996987 1.8066732053430142e-05
0.0 0.0 0.0
      69 m=4.53223e-08 d=3.23165e+00
1.2425190985854064 -0.48348426183663773 -0.00012039555595591512
0.005397763552832863 0.013899435828624894 0.00010386358511570763
0.0 0.0 0.0
      70 m=4.48565e-08 d=3.23067e+00
-0.3714225937802926 -1.2931261382787012 0.006196708090957
0.014250853032571547 -0.004093191429272109 -0.00010209563643202483
0.0 0.0 0.0
      71 m=4.44017e-08 d=3.22971e+00
-1.3314125237460863 0.267088711431994 -0.008578149463633411
-0.002789702764108085 -0.014473980940537586 2.049469006443331e-05
0.0 0.0 0.0
      72 m=4.39576e-08 d=3.22876e+00
1.3150373225372174 -0.331460022322302 -0.0038466785553668325
0.003532229265778733 0.014381864238198684 1.3005008786736538e-05
0.0 0.0 0.0
      73 m=4.35237e-08 d=3.22783e+00
0.2929249140646989 1.3466832458052407 -0.00035299176357893064
-0.014288351725288433 0.0031019873684897774 1.5025839340286523e-06
0.0 0.0 0.0
      74 m=4.30996e-08 d=3.22690e+00
-1.168430737806879 -0.7345184522488961 0.009328239515216514
0.007776473129513734 -0.012413307854487129 -3.29504784117807e-05
0.0 0.0 0.0
      75 m=4.26851e-08 d=3.22599e+00
1.3754217319758144 0.1908389418357684 0.0016913861900658463
-0.0020091927374689565 0.014467104215067863 -1.4694589626540806e-06
0.0 0.0 0.0
      76 m=4.22798e-08 d=3.22509e+00
-1.2731767885604532 0.5621160448427137 -0.011921249492184422
-0.00592759035202498 -0.013362931159391946 -2.2788758254056155e-05
0.0 0.0 0.0
      77 m=4.18833e-08 d=3.22420e+00
0.19291664961308375 -1.3887282900855928 0.003107066239139441
0.014410463999302386 0.0020621200765710956 1.4269784945368207e-05
0.0 0.0 0.0
      78 m=4.14954e-08 d=3.22332e+00
0.9116692238122805 -1.099014950679425 -0.00041383843404207976
0.011050265764139868 0.00913570514217774 8.642538758866978e-06
0.0 0.0 0.0
      79 m=4.11158e-08 d=3.22246e+00
-0.36216052828368417 1.3691424556018703 -0.008837015439365877
-0.013991879945332759 -0.00380587536148876 5.226872917505601e-05
0.0 0.0 0.0
      80 m=4.07441e-08 d=3.22160e+00
-0.8633545118606212 -1.1283881242787892 -0.0021088958101575543
0.011538273742731385 -0.008777509178108947 6.19879141534704e-05
0.0 0.0 0.0
      81 m=4.03803e-08 d=3.22075e+00
-1.4444869044263418 -0.14594059465347153 0.006616005151048415
0.001382735090689386 -0.014162838499285282 -2.406874869144269e-07
0.0 0.0 0.0
      82 m=4.00239e-08 d=3.21992e+00
-1.1822297865807487 -0.8599405790642914 0.0026371955376138976
0.008313418716224822 -0.011479734259006797 8.243773559347129e-05
0.0 0.0 0.0
      83 m=3.96748e-08 d=3.21909e+00
0.41952931529487203 1.39423603559602 -0.007270197140432896
-0.013672699272601611 0.004097388361762129 3.507093598328644e-05
0.0 0.0 0.0
      84 m=3.93327e-08 d=3.21827e+00
1.14478225012599 -0.9252131826914121 -0.0016822995573314884
0.008913939441469523 0.011002081049036359 2.6624424988695963e-05
0.0 0.0 0.0
      85 m=3.89974e-08 d=3.21747e+00
-0.1965805629031786 1.4586091243132469 -0.0006683547992283605
-0.014068780515771845 -0.001937404131194643 4.04915836829463e-05
0.0 0.0 0.0
      86 m=3.86687e-08 d=3.21667e+00
0.61137433554549 1.3503596602132628 0.005384864450722263
-0.012904146960558175 0.005782238971633357 8.366721475976208e-05
0.0 0.0 0.0
      87 m=3.83463e-08 d=3.21588e+00
-1.4764599609990907 -0.20601738057411234 -0.012122275708039563
0.0019280373793898334 -0.013966910600362271 3.677382216311032e-05
0.0 0.0 0.0
      88 m=3.80302e-08 d=3.21510e+00
0.5386068712942581 1.3927002690139856 -0.0009866671960275602
-0.013126107249852352 0.005191176803461123 2.3049388919447648e-05
0.0 0.0 0.0
      89 m=3.77201e-08 d=3.21432e+00
-1.5115423878641832 -0.18953170636350597 0.001256950120741938
0.0016898385548696142 -0.013770068615839025 7.0563742411855146e-06
0.0 0.0 0.0
      90 m=3.74159e-08 d=3.21356e+00
1.3917674818838766 -0.5986065260948829 0.0009500647676536213
0.005497362407768751 0.012862459062087194 -1.938555155655826e-05
0.0 0.0 0.0
      91 m=3.71173e-08 d=3.21280e+00
0.20596573865016543 -1.5088965030283705 0.00255731020133383
0.013840339339458456 0.0017680139108937473 9.100791415855733e-05
0.0 0.0 0.0
      92 m=3.68242e-08 d=3.21206e+00
0.4964695133047907 1.4516232214884826 0.0039419665516635515
-0.013131957315598219 0.004516970518356373 2.360037727941558e-05
0.0 0.0 0.0
      93 m=3.65364e-08 d=3.21132e+00
-0.33774533880341506 -1.5064396727390132 0.0029085642452920564
0.0134947523507343 -0.0030554723520035696 -1.2688936517466895e-05
0.0 0.0 0.0
      94 m=3.62539e-08 d=3.21058e+00
-1.0348565150953866 -1.1676213854613096 0.006879233748511905
0.010337319634683892 -0.009030213010346847 5.721525582569361e-05
0.0 0.0 0.0
      95 m=3.59764e-08 d=3.20986e+00
0.34298905903909704 1.5152428145871546 -0.006236329546268817
-0.013455753715526786 0.0031539290286958454 1.2075103325108308e-05
0.0 0.0 0.0
      96 m=3.57038e-08 d=3.20914e+00
-1.0347819042366904 -1.1732538476703172 0.003213768501601194
0.010340731694806428 -0.009077530038622779 6.142198451919294e-05
0.0 0.0 0.0
      97 m=3.54359e-08 d=3.20843e+00
1.2881938918620786 0.9118722825787025 0.0005337268654297856
-0.007842588568513442 0.011200247570819022 -3.940683358616723e-05
0.0 0.0 0.0
      98 m=3.51727e-08 d=3.20773e+00
1.2498438925995978 0.9661317525723296 0.0009305254582266703
-0.008359503759061759 0.01084694987891331 -6.7913215880793e-05
0.0 0.0 0.0
      99 m=3.49141e-08 d=3.20703e+00
-1.418011325158325 0.703661129285778 -0.0059552345619384404
-0.006085994584187504 -0.01227330468837285 9.179964339603936e-05
0.0 0.0 0.0
     100 m=3.46598e-08 d=3.20634e+00
-1.1761368410053212 -1.072386050390342 0.0032902096935928434
0.009202533159817627 -0.010093240294284295 1.2010840110793163e-05
0.0 0.0 0.0
     101 m=3.44098e-08 d=3.20566e+00
0.6004018238038313 -1.4910771070513653 0.009206559814628399
0.012581257885299768 0.005050580361408143 1.0890121993421108e-05
0.0 0.0 0.0
     102 m=3.41640e-08 d=3.20498e+00
-1.5862359555013266 -0.34187928785200594 -0.002759416471558318
0.0028259299000677803 -0.01316193722683279 1.936609290706399e-05
0.0 0.0 0.0
     103 m=3.39222e-08 d=3.20431e+00
0.5408324101275739 1.5270846393662092 0.008539085716032435
-0.012740486240666678 0.004511880626810903 2.886629572015428e-05
0.0 0.0 0.0
     104 m=3.36844e-08 d=3.20365e+00
-1.37798641512063 0.8891575406138369 -0.0003001684413512446
-0.007296791604774204 -0.011217950749800698 0.00011438361108028204
0.0 0.0 0.0
     105 m=3.34504e-08 d=3.20299e+00
-1.6073258546144564 0.2221683386168547 0.003568402232705341
-0.0019283297862259163 -0.013419377798744473 1.4972636475848791e-05
0.0 0.0 0.0
     106 m=3.32202e-08 d=3.20234e+00
0.7882720250775784 1.441550486098139 0.007530219105986988
-0.011774055356540908 0.006439837612785871 1.5324358401117687e-05
0.0 0.0 0.0
     107 m=3.29937e-08 d=3.20169e+00
1.6379641675321939 0.0032515515525028127 -0.000690613760704558
-1.811457126892936e-05 0.013491813074595703 -2.1005220178802843e-05
0.0 0.0 0.0
     108 m=3.27707e-08 d=3.20105e+00
-1.0178905042166133 1.3088632667415827 0.00013225913674837266
-0.01047119299571755 -0.008295187392042712 -3.580711031556166e-07
0.0 0.0 0.0
     109 m=3.25512e-08 d=3.20042e+00
0.9087100572063627 -1.4036915823729408 -0.005447358686926922
0.011188237602705946 0.007146313965139088 2.515472808919068e-05
0.0 0.0 0.0
     110 m=3.23351e-08 d=3.19979e+00
-0.5644353173379375 -1.582249137231059 0.0003784716527046606
0.012511771642109181 -0.004342565483178802 -1.9492888699388503e-06
0.0 0.0 0.0
     111 m=3.21224e-08 d=3.19917e+00
-0.7773632715037279 -1.4883209967390605 -2.862055867701547e-05
0.011785173132101912 -0.006120286095917242 2.0769817154937892e-07
0.0 0.0 0.0
     112 m=3.19128e-08 d=3.19855e+00
-0.27753260007825303 -1.6652873414648757 -0.0017734027718948084
0.013042657412332534 -0.0022568383988944988 8.22465653634013e-06
0.0 0.0 0.0
     113 m=3.17065e-08 d=3.19794e+00
1.592766566461755 0.5949837565234933 0.0010804598492637442
-0.004558175330529405 0.012357192703909947 -8.554012799327093e-05
0.0 0.0 0.0
     114 m=3.15032e-08 d=3.19733e+00
-0.9440935974517699 -1.4124699828577723 -0.009222983233466422
0.0109334346091631 -0.0074133160809970716 4.55395633741698e-05
0.0 0.0 0.0
     115 m=3.13029e-08 d=3.19673e+00
-1.4163381636993218 0.9844359417001733 0.003619084800483839
-0.007430449624154444 -0.01071403952282575 6.556839251099291e-05
0.0 0.0 0.0
     116 m=3.11056e-08 d=3.19613e+00
0.6651511679390896 -1.5792395245510993 0.00017324643250248847
0.012117920579754539 0.00511325042716614 6.622795597682857e-06
0.0 0.0 0.0
     117 m=3.09112e-08 d=3.19554e+00
-1.6814668503333987 -0.42546661321472035 0.00965385641000287
0.0032795965458038414 -0.012601204753018557 -5.709697073865463e-05
0.0 0.0 0.0
     118 m=3.07195e-08 d=3.19495e+00
0.8871478273379877 -1.4837894221842958 0.0071455740400616745
0.011248714600020719 0.0066970496889699384 -6.9053356991523505e-06
0.0 0.0 0.0
     119 m=3.05306e-08 d=3.19437e+00
1.0704931357197394 1.3681715330758104 0.00013546552309684988
-0.010299227664664824 0.008021927030682972 6.019150913916608e-05
0.0 0.0 0.0
     120 m=3.03445e-08 d=3.19380e+00
1.1765154818719117 -1.2923936918460597 0.0041273336110151295
0.009609517840232585 0.008759126588968949 -8.612943474456056e-05
0.0 0.0 0.0
     121 m=3.01609e-08 d=3.19322e+00
1.3552297823159367 -1.1120342992435386 -0.0044437960404735116
0.008240288177185372 0.010040763390834399 -2.0176690875865846e-05
0.0 0.0 0.0
     122 m=2.99799e-08 d=3.19269e+00
0.5626728792098566 -1.6680979618327194 -0.013313363532899714
0.01225463691987327 0.004218521014000001 -5.168190242151272e-05
0.0 0.0 0.0
     123 m=2.98014e-08 d=3.19224e+00
-0.8448906635245024 1.5506063320053478 -0.004310145292918333
-0.011354360332438904 -0.006220431312949396 -8.240741675773787e-05
0.0 0.0 0.0
     124 m=2.96254e-08 d=3.19181e+00
-0.4532671145138675 -1.712124261460251 -0.00355071400932349
0.012507415758577565 -0.003294236385760871 1.0293204870473892e-05
0.0 0.0 0.0
     125 m=2.94518e-08 d=3.19137e+00
-1.7784863023816087 -0.11158063789923461 -0.0132750169374144
0.0007530392555485971 -0.012857846434921355 2.901588946508605e-05
0.0 0.0 0.0
     126 m=2.92805e-08 d=3.19094e+00
-1.7722947707445076 -0.12920138180773189 -0.013540287831723551
0.0009057243162403847 -0.01290922080241903 4.963544977418207e-06
0.0 0.0 0.0
     127 m=2.91116e-08 d=3.19051e+00
1.2791171785675313 1.262067679985556 0.004970528938087988
-0.009049195382807157 0.009084270246025861 -9.057112997775474e-05
0.0 0.0 0.0
     128 m=2.89449e-08 d=3.19009e+00
-1.5203462399613636 -0.9617692999795375 -0.0015725190226999431
0.006898356445546202 -0.010820457852482266 1.0921253365186147e-05
0.0 0.0 0.0
     129 m=2.87804e-08 d=3.18966e+00
0.6633201026946254 1.6707344688473398 0.008121703237901064
-0.011967543044010827 0.0047248045032254075 -5.900719338878326e-05
0.0 0.0 0.0
     130 m=2.86181e-08 d=3.18924e+00
-1.7878265365002366 -0.2586922720151329 -0.010259778267552597
0.0019258499755708995 -0.012682285162484768 3.32442995950474e-05
0.0 0.0 0.0
     131 m=2.84579e-08 d=3.18883e+00
-1.0106275444866217 1.50177632928057 -0.005630514937181235
-0.01066986983605739 -0.007116071320702203 7.241879990060614e-05
0.0 0.0 0.0
     132 m=2.82998e-08 d=3.18842e+00
-1.0323581373685566 -1.5089780701682098 0.0033863722156265903
0.010568337566457697 -0.007082052767689904 -2.022217523785243e-05
0.0 0.0 0.0
     133 m=2.81437e-08 d=3.18801e+00
-1.587700527054001 0.8897886878327494 0.008200370961542849
-0.00626499488345812 -0.011165134573051934 5.807978828725693e-05
0.0 0.0 0.0
     134 m=2.79896e-08 d=3.18760e+00
-0.62310464734782 -1.7331240747972436 -0.0015853418987424829
0.011914529560973037 -0.004326502456207937 -9.179770368752244e-06
0.0 0.0 0.0
     135 m=2.78374e-08 d=3.18720e+00
-1.7990124341367435 -0.46507294738957206 0.0014529615644516148
0.0030602837914765393 -0.012208348365833253 -9.163683729982727e-05
0.0 0.0 0.0
     136 m=2.76872e-08 d=3.18680e+00
1.7545016441396029 0.6284319844709886 -0.007990115568531629
-0.004318277049218416 0.011806937514049981 -1.1718439540233514e-05
0.0 0.0 0.0
     137 m=2.75389e-08 d=3.18640e+00
0.03874036785320363 -1.8613040052775998 -0.003338081933050283
0.012606113172771953 0.00020439156169916746 1.2612351426945333e-05
0.0 0.0 0.0
     138 m=2.73924e-08 d=3.18600e+00
1.3452019609151864 1.3058483158943957 0.009251879218753398
-0.008715755311352796 0.009018283500139317 -7.752347688695864e-05
0.0 0.0 0.0
     139 m=2.72477e-08 d=3.18561e+00
1.881394701801204 0.007390595966636382 -0.0002492291276983957
-0.00013538417057057037 0.012519250601251366 -2.7385596771376976e-07
0.0 0.0 0.0
     140 m=2.71047e-08 d=3.18522e+00
-0.5299594178506252 1.8159098078451628 -0.008901506293665701
-0.011993772177823804 -0.0034268033910359293 1.8980078537837097e-05
0.0 0.0 0.0
     141 m=2.69635e-08 d=3.18486e+00
-0.9612102770425479 -1.6219934249458108 -5.6571170786615804e-05
0.010797228581042595 -0.00637126298776898 -8.68071779452206e-05
0.0 0.0 0.0
     142 m=2.68241e-08 d=3.18452e+00
-1.356150332832971 1.3457883506169723 -0.008880934118693477
-0.008728304392639843 -0.008797616523322026 -5.898256998558232e-05
0.0 0.0 0.0
     143 m=2.66863e-08 d=3.18419e+00
1.7822682100803322 0.6830893950607659 0.00220538977864582
-0.004509226714850664 0.011579987701499903 -3.4288055965161942e-06
0.0 0.0 0.0
     144 m=2.65501e-08 d=3.18386e+00
-1.6320590446349095 0.9863660549723727 -0.010288832606788822
-0.0064375906270881696 -0.010667261703589871 -3.453447112291404e-05
0.0 0.0 0.0
     145 m=2.64155e-08 d=3.18353e+00
0.7523772553249636 -1.771309506145243 -0.01198011344020302
0.011391862587588574 0.004812169325386608 -5.197790671176412e-05
0.0 0.0 0.0
     146 m=2.62825e-08 d=3.18321e+00
1.8135721052901144 -0.6285050091292723 0.0035575888905116154
0.004149754179387116 0.011706931293735229 -3.032360058147578e-05
0.0 0.0 0.0
     147 m=2.61511e-08 d=3.18288e+00
0.3851874026384685 -1.8842290025972375 -0.003303529355913928
0.012159534770001002 0.0025145751292904818 1.0913952063338223e-05
0.0 0.0 0.0
     148 m=2.60212e-08 d=3.18256e+00
-1.4602864758624254 -1.2626371207514822 0.001294193715691837
0.008099942266836965 -0.009376487779456585 -3.1140473677365476e-05
0.0 0.0 0.0
     149 m=2.58928e-08 d=3.18225e+00
0.33151544237353003 -1.920739292950233 0.007805030352354239
0.012105663759207588 0.002131594134320098 -4.4237622944220225e-05
0.0 0.0 0.0
     150 m=2.57658e-08 d=3.18193e+00
1.8021386434110187 -0.7293839284043442 -0.003991979307062039
0.004699949394167591 0.011414186918891244 -6.462494133978711e-06
0.0 0.0 0.0
     151 m=2.56403e-08 d=3.18161e+00
1.3076065170202484 -1.4505082821868849 -0.0023174244075851256
0.00914376709026417 0.008239841926169904 -1.1793375594324287e-05
0.0 0.0 0.0
     152 m=2.55163e-08 d=3.18130e+00
-0.43394668003972764 1.8943557901358412 -0.003043026603243572
-0.012080551815176473 -0.0027436204030945924 5.463556771033291e-05
0.0 0.0 0.0
     153 m=2.53936e-08 d=3.18099e+00
-1.967843515640637 0.04229398123631145 0.01204480861879393
-0.000249792799062655 -0.012249016151689112 -1.4110331827368214e-05
0.0 0.0 0.0
     154 m=2.52723e-08 d=3.18068e+00
1.7730553973720096 -0.8369079627073512 -0.0035981587434677892
0.005249301035381071 0.011144435964454127 7.516769373967913e-05
0.0 0.0 0.0
     155 m=2.51523e-08 d=3.18037e+00
0.5035509806195061 1.9116263623875047 0.0026832900038737764
-0.011839939569882043 0.0030943530174727275 6.292083969334003e-05
0.0 0.0 0.0
     156 m=2.50336e-08 d=3.18007e+00
0.6381799126436172 -1.8647371380129223 -0.009658485878663256
0.011600737606859554 0.004067560856863456 -8.61853793591063e-05
0.0 0.0 0.0
     157 m=2.49163e-08 d=3.17977e+00
1.2951127994322684 -1.5112712815359324 0.004661241825964129
0.009258480262472078 0.00793402118620266 -8.898527264935907e-05
0.0 0.0 0.0
     158 m=2.48002e-08 d=3.17947e+00
1.681198343993588 -1.0433767187059804 -0.005073239282775445
0.006496436655836383 0.010425098608156496 -2.8966700462337473e-05
0.0 0.0 0.0
     159 m=2.46853e-08 d=3.17917e+00
1.945364961941792 0.48993405713390314 -0.007822234012597299
-0.0030236092793236493 0.011751889069096057 -2.5770161223689657e-05
0.0 0.0 0.0
    1000 m=9.55110e-04 d=1.32600e+00
-3.9221051541650103 3.615076175903113 -0.005799421994959031
-0.00521031798875617 -0.005195858472560751 -4.601181812421322e-05
0.0 0.0 0.0
    1001 m=2.85730e-04 d=6.87000e-01
-7.966838880651688 -5.799353977407862 0.15319269778096606
0.0029620957515577194 -0.0045172613406566356 6.08235514644637e-06
0.0 0.0 0.0
