# Title: Realistic On-the-fly Outcomes of Planetary Collisions II: 
#        Bringing Machine Learning to N-body Simulations 
# Authors: Emsenhuber A., Cambioni S., Asphaug E., Gabriel T.S.J., 
#          Schwartz S.R., Furfaro R. 
# Table: The data from the collision simulation analysis
# ================================================================================
# Byte-by-byte Description of file: apjab6de5t1_mrt.txt
# --------------------------------------------------------------------------------
#    Bytes Format Units  Label  Explanations
# --------------------------------------------------------------------------------
#    1-  3 F3.0   [Mgeo] logM   log target mass
#    5-  8 F4.2   ---    Ratio  Projectile to target mass ratio
#   10- 13 F4.1   deg    Angle  Impact angle
#   15- 18 F4.2   ---    Vel    Collision to escape velocity ratio
#   20- 21 I2     ---    Type   Automated classification (1)
#   23- 27 F5.2   ---    AccLR  Largest remnant accretion efficiency; Equ. 1
#   29- 33 F5.2   ---    AccSR  2nd largest remnant accretion efficiency; Equ. 4
#   35- 39 F5.2   ---    Energy ? Specific orbital energy; Equ. 5
#   41- 44 F4.2   ---    b'     ? Impact parameter of the orbit; Equ. 7
#   46- 50 F5.2   rad    Shift  ? Shift of the longitude of the pericenter; Equ 8
# --------------------------------------------------------------------------------
# Note (1): 
#     1 = Hit-and-run collision;
#     0 = accretion;
#    -1 = erosion.
# --------------------------------------------------------------------------------
-2. 0.2  15.  3.    1 -0.92 -0.82  0.92 0.53 -1.36 
-2. 0.2  22.5 2.5   1 -0.33 -0.54  0.64 0.46 -1.22 
-2. 0.2  22.5 3.    1 -0.65 -0.71  1.61 0.54 -0.88 
-2. 0.2  30.  2.    1 -0.03 -0.6   0.3  0.56 -1.15 
-2. 0.2  30.  2.5   1 -0.29 -0.65  1.35 0.67 -0.67 
-2. 0.2  30.  3.    1 -0.44 -0.84  2.74 0.77 -0.53 
-2. 0.2  37.5 1.5   1  0.24 -0.49  0.06 0.67 -1.13 
-2. 0.2  37.5 2.    1 -0.02 -0.5   1.21 0.75 -0.56 
-2. 0.2  37.5 2.5   1 -0.15 -0.56  2.82 0.8  -0.41 
-2. 0.2  37.5 3.    1 -0.23 -0.68  5.01 0.83 -0.36 
-2. 0.2  37.5 3.5   1 -0.38 -0.88  8.46 1.07 -0.32 
-2. 0.2  45.  1.3   1  0.21 -0.25  0.08 0.78 -0.88 
-2. 0.2  45.  1.4   1  0.16 -0.23  0.3  0.78 -0.71 
-2. 0.2  45.  1.7   1  0.06 -0.29  1.06 0.72 -0.49 
-2. 0.2  45.  2.    1  0.   -0.35  1.97 0.75 -0.36 
-2. 0.2  45.  3.    1 -0.11 -0.45  6.28 0.75 -0.24 
-2. 0.2  45.  3.5   1 -0.16 -0.5   9.38 0.91 -0.2  
-2. 0.2  45.  4.    1 -0.26 -0.65 13.72 1.01 -0.19 
-2. 0.2  52.5 1.2   1  0.13 -0.14  0.07 0.89 -0.61 
-2. 0.2  52.5 1.3   1  0.11 -0.13  0.31 0.84 -0.5  
-2. 0.2  60.  1.05  1  0.86 -0.9   0.01 1.73 -0.08 
-2. 0.2  60.  1.15  1  0.08 -0.08  0.09 0.89 -0.43 
-2. 0.2  60.  1.3   1  0.07 -0.08  0.46 0.9  -0.28 
-2. 0.2  60.  1.4   1  0.06 -0.08  0.73 0.9  -0.23 
-2. 0.2  60.  1.7   1  0.03 -0.09  1.65 0.88 -0.16 
-2. 0.2  60.  2.    1  0.01 -0.1   2.74 0.88 -0.12 
-2. 0.2  60.  2.5   1 -0.01 -0.11  4.98 0.88 -0.09 
-2. 0.2  60.  3.    1 -0.03 -0.14  7.71 0.95 -0.07 
-2. 0.2  60.  3.5   1 -0.04 -0.16 10.99 0.89 -0.07 
-2. 0.2  60.  4.    1 -0.06 -0.18 14.81 0.91 -0.06 
-2. 0.2  75.  1.1   1  0.04 -0.04  0.07 0.95 -0.2  
-2. 0.2  75.  1.15  1  0.03 -0.03  0.19 0.94 -0.16 
-2. 0.2  75.  1.2   1  0.03 -0.03  0.32 0.96 -0.13 
-2. 0.2  75.  1.3   1  0.02 -0.03  0.58 0.96 -0.09 
-2. 0.2  75.  1.4   1  0.02 -0.03  0.86 0.94 -0.08 
-2. 0.2  75.  1.7   1  0.01 -0.02  1.8  0.96 -0.04 
-2. 0.2  75.  2.    1  0.   -0.02  2.91 0.94 -0.04 
-2. 0.2  75.  2.5   1  0.   -0.02  5.17 0.95 -0.03 
-2. 0.2  75.  3.    1 -0.01 -0.02  7.91 0.97 -0.02 
-2. 0.2  75.  3.5   1 -0.01 -0.03 11.14 0.96 -0.02 
-2. 0.2  75.  4.    1 -0.01 -0.03 14.9  0.98 -0.01 
-2. 0.2  82.5 1.1   1  0.03 -0.03  0.08 0.98 -0.13 
-2. 0.2  82.5 1.15  1  0.02 -0.02  0.21 0.97 -0.11 
-2. 0.2  82.5 1.2   1  0.02 -0.02  0.34 0.96 -0.09 
-2. 0.2  82.5 1.3   1  0.01 -0.02  0.6  0.98 -0.06 
-2. 0.2  89.5 1.1   1  0.03 -0.03  0.09 0.98 -0.11 
-2. 0.2  89.5 1.15  1  0.02 -0.02  0.21 0.97 -0.09 
-2. 0.2  89.5 1.2   1  0.01 -0.02  0.34 0.98 -0.07 
-2. 0.2  89.5 1.3   1  0.01 -0.01  0.61 0.98 -0.05 
-2. 0.7   0.1 3.5   1 -1.22 -0.82  0.08 0.01 -4.63 
-2. 0.7  15.  3.    1 -0.66 -0.63  1.61 0.56 -1.04 
-2. 0.7  15.  3.5   1 -0.87 -0.83  3.27 0.72 -0.82 
-2. 0.7  22.5 1.8   1 -0.07 -0.2   0.09 0.47 -1.67 
-2. 0.7  22.5 2.5   1 -0.37 -0.4   1.56 0.48 -0.88 
-2. 0.7  22.5 3.    1 -0.54 -0.46  3.04 0.66 -0.65 
-2. 0.7  22.5 3.5   1 -0.67 -0.62  4.77 0.68 -0.56 
-2. 0.7  22.5 4.    1 -0.79 -0.77  7.05 0.69 -0.51 
-2. 0.7  30.  1.5   1  0.   -0.06  0.04 0.64 -1.35 
-2. 0.7  30.  1.6   1 -0.01 -0.07  0.22 0.67 -1.15 
-2. 0.7  30.  2.    1 -0.09 -0.18  1.14 0.68 -0.7  
-2. 0.7  30.  2.5   1 -0.21 -0.33  2.71 0.65 -0.51 
-2. 0.7  30.  3.    1 -0.33 -0.37  4.76 0.74 -0.43 
-2. 0.7  30.  3.5   1 -0.48 -0.46  7.13 0.83 -0.38 
-2. 0.7  30.  4.    1 -0.58 -0.62 10.04 0.96 -0.35 
-2. 0.7  37.5 1.4   1  0.01 -0.03  0.14 0.74 -0.95 
-2. 0.7  37.5 1.5   1  0.   -0.04  0.35 0.85 -0.73 
-2. 0.7  37.5 1.6   1 -0.01 -0.05  0.59 0.71 -0.71 
-2. 0.7  37.5 2.    1 -0.05 -0.11  1.76 0.74 -0.44 
-2. 0.7  37.5 2.5   1 -0.13 -0.18  3.64 1.08 -0.28 
-2. 0.7  37.5 3.    1 -0.2  -0.26  6.24 0.81 -0.28 
-2. 0.7  37.5 3.5   1 -0.27 -0.35  9.21 0.97 -0.24 
-2. 0.7  37.5 4.    1 -0.34 -0.44 12.91 1.03 -0.23 
-2. 0.7  45.  1.3   1  0.02 -0.03  0.16 0.79 -0.73 
-2. 0.7  45.  1.4   1  0.02 -0.03  0.39 0.77 -0.61 
-2. 0.7  45.  1.7   1 -0.01 -0.05  1.19 0.84 -0.36 
-2. 0.7  45.  2.    1 -0.03 -0.08  2.19 1.02 -0.23 
-2. 0.7  45.  2.5   1 -0.08 -0.12  4.23 1.09 -0.18 
-2. 0.7  45.  3.    1 -0.11 -0.15  6.9  1.1  -0.16 
-2. 0.7  45.  3.5   1 -0.15 -0.18 10.27 1.12 -0.14 
-2. 0.7  45.  4.    1 -0.19 -0.23 14.17 1.02 -0.14 
-2. 0.7  52.5 1.2   1  0.02 -0.02  0.08 0.83 -0.6  
-2. 0.7  52.5 1.3   1  0.02 -0.02  0.31 0.85 -0.45 
-2. 0.7  60.  1.15  1  0.01 -0.02  0.05 0.87 -0.45 
-2. 0.7  60.  1.2   1  0.01 -0.01  0.18 0.88 -0.37 
-2. 0.7  60.  1.3   1  0.01 -0.01  0.43 0.89 -0.27 
-2. 0.7  60.  1.4   1  0.01 -0.01  0.7  0.89 -0.21 
-2. 0.7  60.  1.7   1  0.   -0.02  1.61 0.88 -0.14 
-2. 0.7  60.  2.    1 -0.01 -0.02  2.7  0.87 -0.1  
-2. 0.7  60.  2.5   1 -0.02 -0.03  4.85 0.78 -0.09 
-2. 0.7  60.  3.    1 -0.03 -0.04  7.56 0.82 -0.07 
-2. 0.7  60.  3.5   1 -0.03 -0.05 10.8  0.96 -0.05 
-2. 0.7  60.  4.    1 -0.04 -0.05 14.58 1.03 -0.04 
-2. 0.7  75.  1.1   1  0.01 -0.01  0.01 0.94 -0.23 
-2. 0.7  75.  1.15  1  0.   -0.01  0.14 0.94 -0.17 
-2. 0.7  75.  1.2   1  0.   -0.01  0.28 0.94 -0.14 
-2. 0.7  75.  1.3   1  0.   -0.01  0.55 0.95 -0.09 
-2. 0.7  75.  1.4   1  0.   -0.01  0.83 0.94 -0.07 
-2. 0.7  75.  1.7   1  0.   -0.01  1.78 0.95 -0.04 
-2. 0.7  75.  2.    1  0.   -0.01  2.9  0.95 -0.03 
-2. 0.7  75.  2.5   1  0.   -0.01  5.15 0.93 -0.02 
-2. 0.7  75.  3.    1  0.   -0.01  7.88 0.92 -0.02 
-2. 0.7  75.  3.5   1 -0.01 -0.01 11.13 0.93 -0.01 
-2. 0.7  75.  4.    1 -0.01 -0.01 14.87 0.97 -0.01 
-2. 0.7  82.5 1.1   1  0.01 -0.01  0.03 0.97 -0.16 
-2. 0.7  82.5 1.15  1  0.   -0.01  0.16 0.95 -0.12 
-2. 0.7  82.5 1.2   1  0.    0.    0.3  0.96 -0.09 
-2. 0.7  82.5 1.3   1  0.    0.    0.57 0.95 -0.07 
-2. 0.7  89.5 1.1   1  0.01 -0.01  0.04 0.97 -0.14 
-2. 0.7  89.5 1.15  1  0.    0.    0.17 0.97 -0.1  
-2. 0.7  89.5 1.2   1  0.    0.    0.31 0.96 -0.08 
-2. 0.7  89.5 1.3   1  0.    0.    0.58 0.96 -0.05 
-1. 0.1  22.5 3.    1 -0.68 -0.72  0.33 0.37 -1.47 
-1. 0.1  37.5 1.6   1  0.42 -0.84  0.3  0.76 -1.03 
-1. 0.1  45.  1.3   1  0.39 -0.59  0.11 0.76 -0.96 
-1. 0.1  45.  1.4   1  0.31 -0.56  0.32 0.91 -0.7  
-1. 0.1  45.  1.7   1  0.16 -0.53  1.11 0.67 -0.55 
-1. 0.1  45.  2.    1  0.07 -0.61  2.16 0.87 -0.36 
-1. 0.1  45.  2.5   1 -0.02 -0.78  4.26 0.95 -0.27 
-1. 0.1  52.5 1.15  1  0.31 -0.33  0.04 0.85 -0.77 
-1. 0.1  52.5 1.2   1  0.27 -0.31  0.15 0.82 -0.69 
-1. 0.1  52.5 1.3   1  0.21 -0.27  0.38 0.83 -0.53 
-1. 0.1  60.  1.1   1  0.19 -0.18  0.04 0.95 -0.48 
-1. 0.1  60.  1.15  1  0.17 -0.17  0.16 0.9  -0.43 
-1. 0.1  60.  1.2   1  0.15 -0.16  0.27 0.92 -0.36 
-1. 0.1  60.  1.3   1  0.12 -0.15  0.54 1.06 -0.2  
-1. 0.1  60.  1.4   1  0.1  -0.14  0.82 0.97 -0.2  
-1. 0.1  60.  1.7   1  0.06 -0.14  1.77 0.84 -0.17 
-1. 0.1  60.  2.    1  0.03 -0.14  2.86 0.73 -0.15 
-1. 0.1  60.  2.5   1  0.02 -0.16  5.12 0.87 -0.09 
-1. 0.1  60.  3.    1  0.   -0.18  7.94 0.93 -0.07 
-1. 0.1  60.  3.5   1 -0.02 -0.21 11.27 0.9  -0.06 
-1. 0.1  60.  4.    1 -0.03 -0.26 15.12 0.89 -0.06 
-1. 0.1  75.  1.05  1  0.09 -0.08  0.01 0.94 -0.23 
-1. 0.1  75.  1.1   1  0.06 -0.06  0.13 0.96 -0.17 
-1. 0.1  75.  1.15  1  0.06 -0.05  0.25 1.01 -0.11 
-1. 0.1  75.  1.2   1  0.05 -0.05  0.37 1.04 -0.07 
-1. 0.1  75.  1.3   1  0.04 -0.04  0.63 0.98 -0.08 
-1. 0.1  75.  1.4   1  0.03 -0.04  0.9  0.91 -0.09 
-1. 0.1  75.  1.7   1  0.02 -0.03  1.85 0.94 -0.04 
-1. 0.1  75.  2.    1  0.01 -0.03  2.94 0.96 -0.03 
-1. 0.1  75.  2.5   1  0.01 -0.03  5.21 1.14  0.   
-1. 0.1  75.  3.    1  0.01 -0.03  7.95 1.1   0.   
-1. 0.1  75.  3.5   1  0.   -0.03 11.21 1.   -0.01 
-1. 0.1  75.  4.    1  0.   -0.04 14.96 0.93 -0.01 
-1. 0.1  82.5 1.05  1  0.07 -0.07  0.01 0.94 -0.17 
-1. 0.1  82.5 1.1   1  0.05 -0.05  0.13 0.99 -0.11 
-1. 0.1  82.5 1.15  1  0.04 -0.04  0.25 0.97 -0.09 
-1. 0.1  82.5 1.2   1  0.03 -0.03  0.38 0.95 -0.08 
-1. 0.1  82.5 1.3   1  0.02 -0.02  0.64 0.96 -0.06 
-1. 0.1  89.5 1.05  1  0.09 -0.09  0.02 0.86 -0.18 
-1. 0.1  89.5 1.1   1  0.04 -0.04  0.13 0.98 -0.1  
-1. 0.1  89.5 1.15  1  0.03 -0.03  0.25 0.94 -0.1  
-1. 0.1  89.5 1.2   1  0.02 -0.03  0.38 0.96 -0.07 
-1. 0.1  89.5 1.3   1  0.02 -0.02  0.64 0.97 -0.05 
-1. 0.2  15.  3.    1 -0.82 -0.88  0.71 0.59 -1.31 
-1. 0.2  22.5 2.5   1 -0.32 -0.6   0.56 0.39 -1.32 
-1. 0.2  22.5 3.    1 -0.63 -0.71  1.45 0.45 -0.92 
-1. 0.2  30.  2.    1  0.02 -0.79  0.31 0.38 -1.32 
-1. 0.2  30.  2.5   1 -0.25 -0.82  1.04 0.45 -0.86 
-1. 0.2  30.  3.    1 -0.41 -0.9   2.11 0.36 -0.74 
-1. 0.2  37.5 1.4   1  0.3  -0.5   0.04 0.73 -1.16 
-1. 0.2  37.5 1.5   1  0.26 -0.48  0.23 0.77 -0.94 
-1. 0.2  37.5 1.6   1  0.17 -0.49  0.45 0.79 -0.77 
-1. 0.2  37.5 2.    1  0.02 -0.55  1.53 0.95 -0.44 
-1. 0.2  37.5 3.    1 -0.2  -0.81  5.78 0.83 -0.32 
-1. 0.2  45.  1.3   1  0.19 -0.22  0.19 0.74 -0.82 
-1. 0.2  45.  1.4   1  0.16 -0.21  0.44 0.76 -0.64 
-1. 0.2  45.  1.7   1  0.08 -0.23  1.29 1.11 -0.29 
-1. 0.2  45.  2.    1  0.03 -0.27  2.33 0.95 -0.25 
-1. 0.2  45.  2.5   1 -0.03 -0.37  4.47 0.89 -0.2  
-1. 0.2  45.  3.    1 -0.08 -0.47  7.06 1.01 -0.17 
-1. 0.2  45.  3.5   1 -0.14 -0.54 10.24 0.88 -0.16 
-1. 0.2  45.  4.    1 -0.2  -0.63 13.93 0.85 -0.15 
-1. 0.2  52.5 1.15  1  0.15 -0.15  0.03 0.93 -0.65 
-1. 0.2  52.5 1.2   1  0.14 -0.14  0.15 0.8  -0.61 
-1. 0.2  52.5 1.3   1  0.11 -0.12  0.39 1.28 -0.24 
-1. 0.2  60.  1.1   1  0.1  -0.09  0.02 0.92 -0.47 
-1. 0.2  60.  1.15  1  0.09 -0.08  0.13 0.99 -0.34 
-1. 0.2  60.  1.2   1  0.08 -0.08  0.25 0.85 -0.37 
-1. 0.2  60.  1.3   1  0.07 -0.08  0.51 0.75 -0.34 
-1. 0.2  60.  1.4   1  0.06 -0.07  0.77 0.93 -0.2  
-1. 0.2  60.  1.7   1  0.03 -0.07  1.71 1.53 -0.01 
-1. 0.2  60.  2.    1  0.01 -0.07  2.82 1.1  -0.05 
-1. 0.2  60.  2.5   1  0.   -0.08  5.1  0.97 -0.05 
-1. 0.2  60.  3.    1 -0.01 -0.09  7.88 0.97 -0.05 
-1. 0.2  60.  3.5   1 -0.02 -0.11 11.16 0.9  -0.05 
-1. 0.2  60.  4.    1 -0.03 -0.13 14.95 0.87 -0.05 
-1. 0.2  75.  1.15  1  0.03 -0.03  0.21 1.   -0.12 
-1. 0.2  75.  1.2   1  0.03 -0.03  0.34 1.04 -0.07 
-1. 0.2  75.  1.3   1  0.02 -0.02  0.61 1.05 -0.04 
-1. 0.2  75.  1.4   1  0.02 -0.02  0.89 0.99 -0.05 
-1. 0.2  75.  1.7   1  0.01 -0.02  1.82 0.95 -0.04 
-1. 0.2  75.  2.    1  0.01 -0.01  2.94 0.85 -0.05 
-1. 0.2  75.  2.5   1  0.   -0.01  5.16 1.11  0.   
-1. 0.2  75.  3.    1  0.   -0.01  7.93 1.16  0.   
-1. 0.2  75.  4.    1  0.   -0.01 14.97 0.95 -0.01 
-1. 0.2  82.5 1.1   1  0.04 -0.04  0.1  1.04 -0.09 
-1. 0.2  82.5 1.15  1  0.02 -0.02  0.22 1.03 -0.06 
-1. 0.2  82.5 1.2   1  0.02 -0.02  0.35 1.02 -0.05 
-1. 0.2  82.5 1.3   1  0.01 -0.01  0.62 0.96 -0.05 
-1. 0.2  89.5 1.1   1  0.04 -0.04  0.1  1.04 -0.07 
-1. 0.2  89.5 1.15  1  0.02 -0.02  0.23 1.   -0.07 
-1. 0.2  89.5 1.2   1  0.02 -0.01  0.35 1.01 -0.05 
-1. 0.2  89.5 1.3   1  0.01 -0.01  0.62 1.   -0.03 
-1. 0.35 15.  3.    1 -0.88 -0.8   1.21 0.61 -1.08 
-1. 0.35 22.5 2.5   1 -0.32 -0.53  1.19 0.53 -0.93 
-1. 0.35 22.5 3.    1 -0.57 -0.67  2.38 0.39 -0.8  
-1. 0.35 22.5 3.5   1 -0.84 -0.86  3.88 0.47 -0.62 
-1. 0.35 30.  1.6   1  0.08 -0.32  0.07 0.63 -1.33 
-1. 0.35 30.  2.    1 -0.08 -0.38  0.86 0.71 -0.74 
-1. 0.35 30.  2.5   1 -0.21 -0.49  2.2  0.64 -0.54 
-1. 0.35 30.  3.    1 -0.34 -0.71  3.99 0.65 -0.44 
-1. 0.35 30.  3.5   1 -0.48 -0.84  6.31 0.58 -0.41 
-1. 0.35 37.5 1.4   1  0.11 -0.16  0.15 0.81 -0.95 
-1. 0.35 37.5 1.5   1  0.08 -0.15  0.37 0.92 -0.71 
-1. 0.35 37.5 1.6   1  0.07 -0.16  0.61 0.92 -0.6  
-1. 0.35 37.5 2.    1 -0.02 -0.31  1.75 0.79 -0.42 
-1. 0.35 37.5 2.5   1 -0.1  -0.39  3.54 0.87 -0.3  
-1. 0.35 37.5 3.    1 -0.18 -0.51  5.98 0.87 -0.26 
-1. 0.35 37.5 3.5   1 -0.27 -0.58  8.96 0.84 -0.24 
-1. 0.35 37.5 4.    1 -0.36 -0.69 12.51 0.83 -0.23 
-1. 0.35 45.  1.3   1  0.09 -0.1   0.2  1.01 -0.58 
-1. 0.35 45.  1.4   1  0.07 -0.1   0.44 0.92 -0.49 
-1. 0.35 45.  1.7   1  0.04 -0.12  1.29 1.25 -0.22 
-1. 0.35 45.  2.    1  0.01 -0.15  2.38 1.27 -0.18 
-1. 0.35 45.  2.5   1 -0.04 -0.19  4.46 1.15 -0.15 
-1. 0.35 45.  3.    1 -0.09 -0.25  7.13 1.08 -0.14 
-1. 0.35 45.  3.5   1 -0.13 -0.32 10.32 0.93 -0.14 
-1. 0.35 45.  4.    1 -0.18 -0.39 14.07 0.91 -0.13 
-1. 0.35 52.5 1.15  1  0.07 -0.07  0.02 0.79 -0.69 
-1. 0.35 52.5 1.2   1  0.07 -0.07  0.13 0.83 -0.57 
-1. 0.35 52.5 1.3   1  0.06 -0.06  0.39 0.91 -0.38 
-1. 0.35 60.  1.15  1  0.05 -0.05  0.08 0.56 -0.66 
-1. 0.35 60.  1.2   1  0.05 -0.05  0.23 0.87 -0.34 
-1. 0.35 60.  1.3   1  0.04 -0.04  0.49 0.86 -0.26 
-1. 0.35 60.  1.4   1  0.03 -0.04  0.75 0.87 -0.2  
-1. 0.35 60.  1.7   1  0.01 -0.04  1.67 0.67 -0.19 
-1. 0.35 60.  2.    1  0.   -0.04  2.72 0.98 -0.06 
-1. 0.35 60.  2.5   1  0.   -0.04  5.03 1.34 -0.01 
-1. 0.35 60.  3.    1 -0.01 -0.06  7.83 1.12 -0.03 
-1. 0.35 60.  3.5   1 -0.02 -0.07 11.08 1.01 -0.03 
-1. 0.35 60.  4.    1 -0.03 -0.08 14.83 0.94 -0.04 
-1. 0.35 75.  1.1   1  0.03 -0.03  0.06 0.94 -0.2  
-1. 0.35 75.  1.15  1  0.02 -0.02  0.19 0.9  -0.18 
-1. 0.35 75.  1.2   1  0.02 -0.02  0.31 0.94 -0.12 
-1. 0.35 75.  1.3   1  0.01 -0.02  0.58 0.97 -0.07 
-1. 0.35 75.  1.4   1  0.01 -0.01  0.87 1.15  0.   
-1. 0.35 75.  1.7   1  0.   -0.01  1.81 0.99 -0.02 
-1. 0.35 75.  2.    1  0.   -0.01  2.92 0.95 -0.02 
-1. 0.35 75.  2.5   1  0.   -0.01  5.14 0.89 -0.03 
-1. 0.35 75.  3.    1  0.   -0.01  7.91 1.07  0.   
-1. 0.35 75.  3.5   1  0.   -0.01 11.19 1.07  0.   
-1. 0.35 75.  4.    1  0.   -0.01 14.96 0.96 -0.01 
-1. 0.35 82.5 1.1   1  0.03 -0.03  0.07 0.94 -0.15 
-1. 0.35 82.5 1.15  1  0.02 -0.02  0.2  1.01 -0.08 
-1. 0.35 82.5 1.2   1  0.01 -0.01  0.33 0.97 -0.08 
-1. 0.35 82.5 1.3   1  0.01 -0.01  0.6  1.01 -0.03 
-1. 0.35 89.5 1.1   1  0.03 -0.02  0.08 0.97 -0.12 
-1. 0.35 89.5 1.15  1  0.02 -0.02  0.2  1.   -0.07 
-1. 0.35 89.5 1.2   1  0.01 -0.01  0.33 1.02 -0.04 
-1. 0.35 89.5 1.3   1  0.01 -0.01  0.61 0.99 -0.03 
-1. 0.7   0.1 3.5   1 -1.27 -0.84  0.2  0.04 -7.8  
-1. 0.7  15.  3.    1 -0.67 -0.66  1.63 0.56 -0.97 
-1. 0.7  15.  3.5   1 -0.89 -0.84  3.32 0.48 -0.82 
-1. 0.7  22.5 1.7   1 -0.02 -0.17  0.06 0.45 -1.75 
-1. 0.7  22.5 1.8   1 -0.04 -0.2   0.22 0.5  -1.54 
-1. 0.7  22.5 2.5   1 -0.34 -0.39  1.72 0.61 -0.75 
-1. 0.7  22.5 3.    1 -0.52 -0.5   3.12 0.59 -0.61 
-1. 0.7  22.5 4.    1 -0.79 -0.78  7.24 0.43 -0.49 
-1. 0.7  30.  1.5   1  0.01 -0.05  0.14 0.75 -1.17 
-1. 0.7  30.  1.6   1  0.   -0.06  0.34 0.73 -1.01 
-1. 0.7  30.  2.    1 -0.08 -0.14  1.32 0.74 -0.62 
-1. 0.7  30.  2.5   1 -0.18 -0.31  2.88 0.67 -0.47 
-1. 0.7  30.  3.    1 -0.29 -0.4   4.91 0.67 -0.39 
-1. 0.7  30.  4.    1 -0.55 -0.62 10.48 0.78 -0.32 
-1. 0.7  37.5 1.3   1  0.02 -0.02  0.02 0.88 -1.   
-1. 0.7  37.5 1.4   1  0.01 -0.03  0.23 1.04 -0.68 
-1. 0.7  37.5 1.5   1  0.01 -0.04  0.45 1.03 -0.56 
-1. 0.7  37.5 1.6   1  0.   -0.05  0.7  0.97 -0.5  
-1. 0.7  37.5 2.    1 -0.05 -0.1   1.89 1.01 -0.32 
-1. 0.7  37.5 3.5   1 -0.23 -0.31  9.43 0.85 -0.21 
-1. 0.7  37.5 4.    1 -0.3  -0.41 12.99 0.9  -0.2  
-1. 0.7  45.  1.4   1  0.02 -0.03  0.45 1.12 -0.36 
-1. 0.7  45.  1.7   1  0.   -0.05  1.27 1.13 -0.22 
-1. 0.7  45.  2.    1 -0.03 -0.07  2.3  1.07 -0.17 
-1. 0.7  45.  2.5   1 -0.06 -0.1   4.43 1.11 -0.13 
-1. 0.7  45.  3.    1 -0.09 -0.13  7.09 0.9  -0.13 
-1. 0.7  45.  4.    1 -0.16 -0.2  14.04 0.85 -0.12 
-1. 0.7  52.5 1.15  1  0.02 -0.02  0.01 0.89 -0.62 
-1. 0.7  52.5 1.2   1  0.02 -0.02  0.13 0.92 -0.5  
-1. 0.7  52.5 1.3   1  0.02 -0.02  0.37 0.87 -0.39 
-1. 0.7  60.  1.15  1  0.01 -0.01  0.09 0.9  -0.39 
-1. 0.7  60.  1.2   1  0.01 -0.01  0.21 0.87 -0.35 
-1. 0.7  60.  1.3   1  0.01 -0.01  0.47 0.87 -0.25 
-1. 0.7  60.  1.4   1  0.01 -0.01  0.74 1.02 -0.13 
-1. 0.7  60.  2.    1  0.   -0.01  2.72 0.85 -0.07 
-1. 0.7  60.  2.5   1 -0.01 -0.02  4.98 1.2  -0.01 
-1. 0.7  60.  3.    1 -0.01 -0.03  7.77 1.22 -0.02 
-1. 0.7  60.  3.5   1 -0.02 -0.03 11.03 1.07 -0.02 
-1. 0.7  60.  4.    1 -0.02 -0.03 14.71 0.87 -0.04 
-1. 0.7  75.  1.1   1  0.01 -0.01  0.03 0.97 -0.19 
-1. 0.7  75.  1.15  1  0.01 -0.01  0.16 0.94 -0.16 
-1. 0.7  75.  1.2   1  0.   -0.01  0.29 1.02 -0.11 
-1. 0.7  75.  1.3   1  0.    0.    0.57 0.91 -0.1  
-1. 0.7  75.  1.4   1  0.    0.    0.85 0.9  -0.08 
-1. 0.7  75.  1.7   1  0.    0.    1.81 0.84 -0.06 
-1. 0.7  75.  2.    1  0.    0.    2.89 0.53 -0.14 
-1. 0.7  75.  2.5   1  0.    0.    5.13 1.07  0.   
-1. 0.7  75.  3.    1  0.    0.    7.93 1.21  0.01 
-1. 0.7  75.  3.5   1  0.    0.   11.22 1.04  0.   
-1. 0.7  75.  4.    1  0.    0.   14.97 0.95 -0.01 
-1. 0.7  82.5 1.1   1  0.01 -0.01  0.05 0.93 -0.16 
-1. 0.7  82.5 1.15  1  0.01 -0.01  0.18 0.96 -0.1  
-1. 0.7  82.5 1.2   1  0.    0.    0.31 0.98 -0.07 
-1. 0.7  82.5 1.3   1  0.    0.    0.59 0.98 -0.06 
-1. 0.7  89.5 1.1   1  0.01 -0.01  0.05 0.98 -0.12 
-1. 0.7  89.5 1.15  1  0.   -0.01  0.18 0.96 -0.1  
-1. 0.7  89.5 1.2   1  0.    0.    0.32 1.02 -0.05 
-1. 0.7  89.5 1.3   1  0.    0.    0.59 0.96 -0.05 
 0. 0.2  22.5 2.5   1 -0.38 -0.87  0.49 0.36 -1.4  
 0. 0.2  30.  2.    1 -0.02 -0.82  0.85 0.98 -0.69 
 0. 0.2  37.5 1.4   1  0.26 -0.48  0.13 0.72 -1.05 
 0. 0.2  37.5 1.5   1  0.19 -0.46  0.33 0.81 -0.8  
 0. 0.2  37.5 1.6   1  0.14 -0.48  0.58 0.7  -0.75 
 0. 0.2  37.5 2.    1 -0.01 -0.52  1.74 0.88 -0.42 
 0. 0.2  37.5 2.5   1 -0.1  -0.62  3.81 0.87 -0.33 
 0. 0.2  37.5 3.    1 -0.18 -0.79  6.56 0.84 -0.27 
 0. 0.2  37.5 3.5   1 -0.26 -0.88  9.79 0.97 -0.23 
 0. 0.2  45.  1.2   1  0.24 -0.27  0.04 0.76 -0.91 
 0. 0.2  45.  1.3   1  0.18 -0.24  0.26 0.86 -0.66 
 0. 0.2  45.  1.4   1  0.13 -0.23  0.52 0.84 -0.53 
 0. 0.2  45.  1.7   1  0.06 -0.24  1.39 0.93 -0.3  
 0. 0.2  45.  2.    1  0.01 -0.27  2.46 0.98 -0.22 
 0. 0.2  45.  2.5   1 -0.04 -0.34  4.64 0.93 -0.18 
 0. 0.2  45.  3.    1 -0.08 -0.41  7.35 0.87 -0.16 
 0. 0.2  45.  3.5   1 -0.12 -0.5  10.6  0.89 -0.14 
 0. 0.2  45.  4.    1 -0.16 -0.57 14.38 0.89 -0.12 
 0. 0.2  52.5 1.15  1  0.14 -0.15  0.08 0.99 -0.5  
 0. 0.2  52.5 1.2   1  0.13 -0.14  0.2  0.91 -0.46 
 0. 0.2  52.5 1.3   1  0.1  -0.12  0.45 0.99 -0.3  
 0. 0.2  60.  1.1   1  0.1  -0.09  0.05 0.89 -0.4  
 0. 0.2  60.  1.15  1  0.09 -0.08  0.17 0.88 -0.33 
 0. 0.2  60.  1.2   1  0.08 -0.08  0.29 0.96 -0.23 
 0. 0.2  60.  1.3   1  0.06 -0.07  0.54 1.04 -0.13 
 0. 0.2  60.  1.4   1  0.05 -0.07  0.82 1.07 -0.09 
 0. 0.2  60.  1.7   1  0.02 -0.06  1.75 1.24 -0.02 
 0. 0.2  60.  2.    1  0.01 -0.06  2.9  1.33  0.   
 0. 0.2  60.  2.5   1  0.   -0.06  5.18 0.99 -0.04 
 0. 0.2  60.  3.    1 -0.01 -0.07  7.92 0.9  -0.04 
 0. 0.2  60.  3.5   1 -0.02 -0.08 11.17 0.84 -0.04 
 0. 0.2  60.  4.    1 -0.02 -0.1  14.91 0.87 -0.04 
 0. 0.2  75.  1.1   1  0.05 -0.05  0.1  0.86 -0.18 
 0. 0.2  75.  1.15  1  0.03 -0.03  0.23 0.98 -0.08 
 0. 0.2  75.  1.2   1  0.03 -0.03  0.35 1.17  0.03 
 0. 0.2  75.  1.3   1  0.02 -0.02  0.62 1.37  0.1  
 0. 0.2  75.  1.4   1  0.01 -0.01  0.88 1.18  0.04 
 0. 0.2  75.  1.7   1  0.01 -0.01  1.86 1.25  0.04 
 0. 0.2  75.  2.    1  0.01 -0.01  2.96 1.22  0.03 
 0. 0.2  75.  2.5   1  0.01 -0.01  5.26 1.05  0.   
 0. 0.2  75.  3.    1  0.   -0.01  8.   0.8  -0.02 
 0. 0.2  75.  3.5   1  0.   -0.01 11.24 0.82 -0.01 
 0. 0.2  75.  4.    1  0.   -0.01 15.   0.83 -0.01 
 0. 0.2  82.5 1.1   1  0.04 -0.04  0.11 1.13  0.   
 0. 0.2  82.5 1.15  1  0.03 -0.03  0.23 1.23  0.07 
 0. 0.2  82.5 1.2   1  0.02 -0.02  0.36 1.21  0.06 
 0. 0.2  82.5 1.3   1  0.01 -0.01  0.62 1.23  0.07 
 0. 0.2  89.5 1.1   1  0.05 -0.04  0.11 1.22  0.07 
 0. 0.2  89.5 1.15  1  0.02 -0.02  0.23 1.1   0.01 
 0. 0.2  89.5 1.2   1  0.02 -0.01  0.36 1.06  0.   
 0. 0.2  89.5 1.3   1  0.01 -0.01  0.61 1.32  0.09 
 0. 0.7  15.  2.    1 -0.22 -0.4   0.05 0.2  -2.29 
 0. 0.7  15.  3.    1 -0.82 -0.8   2.36 0.53 -0.89 
 0. 0.7  22.5 1.7   1 -0.06 -0.2   0.15 0.38 -1.73 
 0. 0.7  22.5 1.8   1 -0.09 -0.23  0.32 0.45 -1.51 
 0. 0.7  22.5 2.5   1 -0.38 -0.45  2.02 0.4  -0.84 
 0. 0.7  22.5 3.    1 -0.58 -0.62  3.72 0.44 -0.62 
 0. 0.7  22.5 3.5   1 -0.74 -0.82  6.15 0.64 -0.48 
 0. 0.7  30.  1.5   1 -0.01 -0.06  0.19 0.64 -1.22 
 0. 0.7  30.  1.6   1 -0.03 -0.08  0.4  0.67 -1.02 
 0. 0.7  30.  2.    1 -0.1  -0.17  1.45 0.65 -0.65 
 0. 0.7  30.  2.5   1 -0.2  -0.34  3.2  0.67 -0.45 
 0. 0.7  30.  3.    1 -0.32 -0.46  5.55 0.64 -0.38 
 0. 0.7  30.  3.5   1 -0.45 -0.57  8.56 0.71 -0.32 
 0. 0.7  30.  4.    1 -0.57 -0.69 12.2  0.83 -0.28 
 0. 0.7  37.5 1.3   1  0.02 -0.04  0.06 0.74 -1.03 
 0. 0.7  37.5 1.4   1  0.01 -0.05  0.27 0.7  -0.87 
 0. 0.7  37.5 1.5   1  0.   -0.06  0.51 0.69 -0.73 
 0. 0.7  37.5 1.6   1 -0.01 -0.07  0.77 0.67 -0.64 
 0. 0.7  37.5 2.    1 -0.06 -0.12  2.02 0.97 -0.32 
 0. 0.7  37.5 2.5   1 -0.12 -0.17  4.08 0.79 -0.27 
 0. 0.7  37.5 3.    1 -0.17 -0.24  6.68 0.86 -0.22 
 0. 0.7  37.5 3.5   1 -0.23 -0.31  9.9  0.9  -0.19 
 0. 0.7  37.5 4.    1 -0.3  -0.39 13.7  0.85 -0.18 
 0. 0.7  45.  1.2   1  0.02 -0.03  0.03 0.79 -0.81 
 0. 0.7  45.  1.3   1  0.02 -0.04  0.26 0.8  -0.62 
 0. 0.7  45.  1.4   1  0.01 -0.04  0.51 0.97 -0.4  
 0. 0.7  45.  1.7   1 -0.01 -0.06  1.38 0.92 -0.25 
 0. 0.7  45.  2.5   1 -0.06 -0.1   4.6  0.89 -0.14 
 0. 0.7  45.  3.    1 -0.08 -0.12  7.28 0.99 -0.12 
 0. 0.7  45.  3.5   1 -0.11 -0.15 10.48 1.05 -0.1  
 0. 0.7  45.  4.    1 -0.13 -0.18 14.24 1.02 -0.1  
 0. 0.7  52.5 1.15  1  0.02 -0.03  0.04 0.76 -0.63 
 0. 0.7  52.5 1.2   1  0.02 -0.02  0.16 0.78 -0.53 
 0. 0.7  52.5 1.3   1  0.01 -0.02  0.41 0.92 -0.32 
 0. 0.7  60.  1.15  1  0.01 -0.02  0.11 0.89 -0.35 
 0. 0.7  60.  1.2   1  0.01 -0.01  0.24 0.84 -0.31 
 0. 0.7  60.  1.3   1  0.01 -0.01  0.5  0.95 -0.17 
 0. 0.7  60.  1.4   1  0.01 -0.01  0.78 0.82 -0.18 
 0. 0.7  60.  1.7   1  0.   -0.02  1.72 1.05 -0.04 
 0. 0.7  60.  2.    1 -0.01 -0.02  2.84 0.9  -0.05 
 0. 0.7  60.  2.5   1 -0.01 -0.02  5.1  0.99 -0.03 
 0. 0.7  60.  3.    1 -0.01 -0.02  7.82 0.93 -0.03 
 0. 0.7  60.  3.5   1 -0.02 -0.02 11.04 0.93 -0.03 
 0. 0.7  60.  4.    1 -0.02 -0.03 14.77 0.91 -0.02 
 0. 0.7  75.  1.1   1  0.01 -0.01  0.04 0.92 -0.18 
 0. 0.7  75.  1.15  1  0.01 -0.01  0.17 0.96 -0.11 
 0. 0.7  75.  1.2   1  0.01 -0.01  0.31 0.94 -0.09 
 0. 0.7  75.  1.3   1  0.    0.    0.57 1.01 -0.03 
 0. 0.7  75.  1.4   1  0.    0.    0.86 0.98 -0.02 
 0. 0.7  75.  1.7   1  0.    0.    1.8  1.25  0.05 
 0. 0.7  75.  2.    1  0.    0.    2.99 1.4   0.05 
 0. 0.7  75.  2.5   1  0.    0.    5.28 0.98  0.   
 0. 0.7  75.  3.    1  0.    0.    8.04 0.87 -0.01 
 0. 0.7  75.  3.5   1  0.    0.   11.27 0.78 -0.01 
 0. 0.7  75.  4.    1  0.    0.   14.99 0.9  -0.01 
 0. 0.7  82.5 1.1   1  0.01 -0.01  0.05 0.96 -0.11 
 0. 0.7  82.5 1.15  1  0.    0.    0.19 0.95 -0.08 
 0. 0.7  82.5 1.2   1  0.    0.    0.32 0.96 -0.06 
 0. 0.7  82.5 1.3   1  0.    0.    0.59 0.96 -0.04 
 0. 0.7  89.5 1.1   1  0.01 -0.01  0.06 0.99 -0.09 
 0. 0.7  89.5 1.15  1  0.    0.    0.19 0.95 -0.08 
 0. 0.7  89.5 1.2   1  0.    0.    0.32 0.98 -0.05 
 0. 0.7  89.5 1.3   1  0.    0.    0.6  0.98 -0.03 
-2. 0.2   0.1 1.    0  0.99 -1.                    
-2. 0.2   0.1 1.4   0  0.92 -1.                    
-2. 0.2   0.1 1.7   0  0.78 -1.                    
-2. 0.2   0.1 2.5   0  0.01 -1.                    
-2. 0.2   0.1 3.   -1 -0.88 -1.                    
-2. 0.2   0.1 3.5  -1 -1.82 -1.                    
-2. 0.2  15.  1.    0  0.99 -1.                    
-2. 0.2  15.  1.4   0  0.89 -1.                    
-2. 0.2  15.  1.7   0  0.75 -1.                    
-2. 0.2  15.  2.    0  0.58 -1.                    
-2. 0.2  15.  3.5  -1 -1.56 -1.                    
-2. 0.2  15.  4.   -1 -2.11 -1.                    
-2. 0.2  22.5 1.    0  0.99 -1.                    
-2. 0.2  22.5 1.4   0  0.86 -1.                    
-2. 0.2  22.5 1.6   0  0.76 -1.                    
-2. 0.2  22.5 1.8   0  0.64 -1.                    
-2. 0.2  22.5 3.5  -1 -1.06 -1.                    
-2. 0.2  22.5 4.   -1 -1.44 -1.                    
-2. 0.2  30.  1.    0  0.99 -1.                    
-2. 0.2  30.  1.2   0  0.93 -1.                    
-2. 0.2  30.  1.4   0  0.82 -1.                    
-2. 0.2  30.  1.5   0  0.74 -1.                    
-2. 0.2  30.  3.5  -1 -0.68 -1.                    
-2. 0.2  30.  4.   -1 -0.91 -1.                    
-2. 0.2  37.5 1.    0  0.98 -1.                    
-2. 0.2  37.5 1.1   0  0.97 -1.                    
-2. 0.2  37.5 1.2   0  0.93 -1.                    
-2. 0.2  37.5 1.3   0  0.8  -0.94                  
-2. 0.2  37.5 1.4   0  0.77 -1.                    
-2. 0.2  37.5 4.   -1 -0.53 -1.                    
-2. 0.2  45.  1.    0  0.95 -1.                    
-2. 0.2  45.  1.05  0  0.94 -1.                    
-2. 0.2  45.  1.1   0  0.96 -1.                    
-2. 0.2  45.  1.15  0  0.98 -1.                    
-2. 0.2  45.  1.2   0  0.96 -1.                    
-2. 0.2  52.5 1.    0  0.99 -1.                    
-2. 0.2  52.5 1.05  0  0.99 -1.                    
-2. 0.2  52.5 1.1   0  0.98 -1.                    
-2. 0.2  52.5 1.15  0  0.99 -1.                    
-2. 0.2  60.  1.    0  0.51 -1.                    
-2. 0.2  60.  1.1   0  1.   -1.                    
-2. 0.2  60.  1.2   0  1.   -1.                    
-2. 0.2  75.  1.    0  0.85 -0.92                  
-2. 0.2  75.  1.05  0  1.   -1.                    
-2. 0.2  82.5 1.    0  0.88 -0.92                  
-2. 0.2  82.5 1.05  0  1.   -1.                    
-2. 0.2  89.  1.    0  0.89 -0.92                  
-2. 0.2  89.5 1.05  0  1.   -1.                    
-2. 0.7   0.1 1.    0  0.97 -1.                    
-2. 0.7   0.1 1.4   0  0.89 -1.                    
-2. 0.7   0.1 1.7   0  0.73 -1.                    
-2. 0.7   0.1 2.    0  0.54 -1.                    
-2. 0.7   0.1 2.5   0  0.1  -1.                    
-2. 0.7   0.1 3.   -1 -0.36 -1.                    
-2. 0.7   0.1 4.   -1 -1.39 -0.96                  
-2. 0.7  15.  1.    0  0.99 -1.                    
-2. 0.7  15.  2.    0  0.53 -1.                    
-2. 0.7  15.  4.   -1 -1.05 -0.96                  
-2. 0.7  22.5 1.    0  0.99 -1.                    
-2. 0.7  22.5 1.4   0  0.93 -1.                    
-2. 0.7  22.5 1.6   0  0.84 -1.                    
-2. 0.7  22.5 1.7   0  0.77 -1.                    
-2. 0.7  30.  1.    0  0.99 -1.                    
-2. 0.7  30.  1.2   0  0.98 -1.                    
-2. 0.7  30.  1.4   0  0.94 -1.                    
-2. 0.7  37.5 1.    0  0.97 -1.                    
-2. 0.7  37.5 1.1   0  0.97 -1.                    
-2. 0.7  37.5 1.2   0  0.95 -1.                    
-2. 0.7  37.5 1.3   0  0.99 -1.                    
-2. 0.7  45.  1.    0  0.98 -1.                    
-2. 0.7  45.  1.05  0  0.96 -1.                    
-2. 0.7  45.  1.1   0  0.96 -1.                    
-2. 0.7  45.  1.15  0  0.98 -1.                    
-2. 0.7  45.  1.2   0  1.   -1.                    
-2. 0.7  52.5 1.    0  0.95 -0.97                  
-2. 0.7  52.5 1.05  0  0.97 -1.                    
-2. 0.7  52.5 1.1   0  0.99 -1.                    
-2. 0.7  52.5 1.15  0  1.   -1.                    
-2. 0.7  60.  1.    0  0.95 -0.96                  
-2. 0.7  60.  1.05  0  0.96 -1.                    
-2. 0.7  60.  1.1   0  1.   -1.                    
-2. 0.7  75.  1.    0  0.97 -0.98                  
-2. 0.7  75.  1.05  0  0.98 -1.                    
-2. 0.7  82.5 1.    0  0.91 -0.98                  
-2. 0.7  82.5 1.05  0  1.   -1.                    
-2. 0.7  89.  1.    0  0.96 -0.96                  
-1. 0.1   0.1 1.    0  1.   -1.                    
-1. 0.1   0.1 1.4   0  0.98 -1.                    
-1. 0.1   0.1 1.7   0  0.98 -1.                    
-1. 0.1   0.1 2.    0  0.91 -1.                    
-1. 0.1   0.1 2.5   0  0.48 -1.                    
-1. 0.1   0.1 3.   -1 -0.65 -1.                    
-1. 0.1   0.1 3.5  -1 -1.82 -1.                    
-1. 0.1   0.1 4.   -1 -2.67 -1.                    
-1. 0.1  15.  1.    0  0.99 -1.                    
-1. 0.1  15.  1.4   0  0.95 -1.                    
-1. 0.1  15.  1.7   0  0.87 -1.                    
-1. 0.1  15.  2.    0  0.73 -1.                    
-1. 0.1  15.  3.   -1 -0.5  -0.97                  
-1. 0.1  15.  3.5  -1 -1.27 -1.                    
-1. 0.1  15.  4.   -1 -2.09 -1.                    
-1. 0.1  22.5 1.    0  0.99 -1.                    
-1. 0.1  22.5 1.4   0  0.9  -1.                    
-1. 0.1  22.5 1.6   0  0.8  -1.                    
-1. 0.1  22.5 1.7   0  0.76 -1.                    
-1. 0.1  22.5 1.8   0  0.7  -1.                    
-1. 0.1  22.5 2.5   0  0.09 -1.                    
-1. 0.1  22.5 3.5  -1 -1.12 -1.                    
-1. 0.1  22.5 4.   -1 -1.55 -1.                    
-1. 0.1  30.  1.    0  0.98 -1.                    
-1. 0.1  30.  1.2   0  0.91 -1.                    
-1. 0.1  30.  1.4   0  0.81 -1.                    
-1. 0.1  30.  1.5   0  0.73 -1.                    
-1. 0.1  30.  1.6   0  0.68 -1.                    
-1. 0.1  30.  2.5  -1 -0.12 -1.                    
-1. 0.1  30.  3.   -1 -0.47 -1.                    
-1. 0.1  30.  3.5  -1 -0.76 -1.                    
-1. 0.1  30.  4.   -1 -1.03 -1.                    
-1. 0.1  37.5 1.    0  0.97 -1.                    
-1. 0.1  37.5 1.1   0  0.93 -1.                    
-1. 0.1  37.5 1.2   0  0.84 -1.                    
-1. 0.1  37.5 1.3   0  0.78 -1.                    
-1. 0.1  37.5 1.4   0  0.67 -1.                    
-1. 0.1  37.5 1.5   0  0.54 -1.                    
-1. 0.1  37.5 2.    0  0.15 -1.                    
-1. 0.1  37.5 2.5  -1 -0.09 -1.                    
-1. 0.1  37.5 3.   -1 -0.25 -1.                    
-1. 0.1  37.5 3.5  -1 -0.39 -1.                    
-1. 0.1  37.5 4.   -1 -0.54 -1.                    
-1. 0.1  45.  1.    0  0.97 -1.                    
-1. 0.1  45.  1.05  0  0.96 -1.                    
-1. 0.1  45.  1.1   0  0.87 -1.                    
-1. 0.1  45.  1.15  0  0.83 -1.                    
-1. 0.1  45.  1.2   0  0.82 -1.                    
-1. 0.1  45.  3.   -1 -0.09 -1.                    
-1. 0.1  45.  3.5  -1 -0.16 -1.                    
-1. 0.1  45.  4.   -1 -0.24 -1.                    
-1. 0.1  52.5 1.    0  0.92 -1.                    
-1. 0.1  52.5 1.05  0  0.9  -1.                    
-1. 0.1  52.5 1.1   0  0.98 -1.                    
-1. 0.1  60.  1.    0  0.89 -1.                    
-1. 0.1  60.  1.05  0  1.   -1.                    
-1. 0.1  75.  1.    0  0.85 -1.                    
-1. 0.1  82.5 1.    0  1.   -1.                    
-1. 0.1  89.  1.    0  1.   -1.                    
-1. 0.2   0.1 1.    0  1.   -1.                    
-1. 0.2   0.1 1.4   0  0.97 -1.                    
-1. 0.2   0.1 1.7   0  0.87 -1.                    
-1. 0.2   0.1 2.    0  0.72 -1.                    
-1. 0.2   0.1 3.   -1 -0.98 -1.                    
-1. 0.2   0.1 3.5  -1 -1.7  -1.                    
-1. 0.2   0.1 4.   -1 -2.67 -1.                    
-1. 0.2  15.  1.    0  1.   -1.                    
-1. 0.2  15.  1.4   0  0.91 -1.                    
-1. 0.2  15.  1.7   0  0.78 -1.                    
-1. 0.2  15.  2.    0  0.48 -1.                    
-1. 0.2  15.  3.5  -1 -1.51 -1.                    
-1. 0.2  15.  4.   -1 -2.02 -1.                    
-1. 0.2  22.5 1.    0  0.99 -1.                    
-1. 0.2  22.5 1.4   0  0.84 -1.                    
-1. 0.2  22.5 1.6   0  0.73 -1.                    
-1. 0.2  22.5 1.7   0  0.66 -1.                    
-1. 0.2  22.5 1.8   0  0.57 -1.                    
-1. 0.2  22.5 4.   -1 -1.28 -1.                    
-1. 0.2  30.  1.    0  0.99 -1.                    
-1. 0.2  30.  1.2   0  0.9  -1.                    
-1. 0.2  30.  1.4   0  0.77 -1.                    
-1. 0.2  30.  1.5   0  0.69 -1.                    
-1. 0.2  30.  1.6   0  0.62 -1.                    
-1. 0.2  30.  3.5  -1 -0.58 -1.                    
-1. 0.2  30.  4.   -1 -0.77 -1.                    
-1. 0.2  37.5 1.    0  0.99 -1.                    
-1. 0.2  37.5 1.1   0  0.96 -1.                    
-1. 0.2  37.5 1.2   0  0.84 -0.9                   
-1. 0.2  37.5 1.3   0  0.81 -0.93                  
-1. 0.2  37.5 3.5  -1 -0.3  -1.                    
-1. 0.2  37.5 4.   -1 -0.41 -1.                    
-1. 0.2  45.  1.    0  0.96 -1.                    
-1. 0.2  45.  1.05  0  0.96 -1.                    
-1. 0.2  45.  1.1   0  0.99 -1.                    
-1. 0.2  45.  1.15  0  0.98 -1.                    
-1. 0.2  45.  1.2   0  0.98 -1.                    
-1. 0.2  52.5 1.    0  1.   -1.                    
-1. 0.2  52.5 1.05  0  0.99 -1.                    
-1. 0.2  52.5 1.1   0  1.   -1.                    
-1. 0.2  60.  1.    0  0.93 -1.                    
-1. 0.2  60.  1.05  0  1.   -1.                    
-1. 0.2  75.  1.    0  0.87 -0.92                  
-1. 0.2  75.  1.05  0  1.   -1.                    
-1. 0.2  82.5 1.    0  0.89 -0.92                  
-1. 0.2  82.5 1.05  0  0.99 -1.                    
-1. 0.2  89.  1.    0  0.89 -0.93                  
-1. 0.2  89.5 1.05  0  1.   -1.                    
-1. 0.35  0.1 1.    0  0.99 -1.                    
-1. 0.35  0.1 1.4   0  0.92 -1.                    
-1. 0.35  0.1 1.7   0  0.77 -1.                    
-1. 0.35  0.1 2.    0  0.48 -1.                    
-1. 0.35  0.1 2.5  -1 -0.27 -1.                    
-1. 0.35  0.1 3.   -1 -0.78 -1.                    
-1. 0.35  0.1 3.5  -1 -1.41 -1.                    
-1. 0.35  0.1 4.   -1 -2.44 -1.                    
-1. 0.35 15.  1.    0  0.99 -1.                    
-1. 0.35 15.  1.4   0  0.89 -1.                    
-1. 0.35 15.  1.7   0  0.74 -1.                    
-1. 0.35 15.  2.    0  0.43 -1.                    
-1. 0.35 15.  3.5  -1 -1.25 -1.                    
-1. 0.35 15.  4.   -1 -1.56 -1.                    
-1. 0.35 22.5 1.    0  0.99 -1.                    
-1. 0.35 22.5 1.4   0  0.83 -1.                    
-1. 0.35 22.5 1.6   0  0.71 -1.                    
-1. 0.35 22.5 1.7   0  0.67 -1.                    
-1. 0.35 22.5 1.8   0  0.6  -1.                    
-1. 0.35 22.5 4.   -1 -1.12 -1.                    
-1. 0.35 30.  1.    0  0.99 -1.                    
-1. 0.35 30.  1.2   0  0.96 -1.                    
-1. 0.35 30.  1.4   0  0.79 -0.94                  
-1. 0.35 30.  1.5   0  0.77 -0.96                  
-1. 0.35 30.  4.   -1 -0.64 -1.                    
-1. 0.35 37.5 1.    0  0.96 -1.                    
-1. 0.35 37.5 1.1   0  0.99 -1.                    
-1. 0.35 37.5 1.2   0  0.98 -1.                    
-1. 0.35 37.5 1.3   0  0.98 -1.                    
-1. 0.35 45.  1.    0  0.99 -1.                    
-1. 0.35 45.  1.05  0  0.99 -1.                    
-1. 0.35 45.  1.1   0  0.97 -1.                    
-1. 0.35 45.  1.15  0  0.99 -1.                    
-1. 0.35 45.  1.2   0  1.   -1.                    
-1. 0.35 52.5 1.    0  0.97 -1.                    
-1. 0.35 52.5 1.05  0  0.99 -1.                    
-1. 0.35 52.5 1.1   0  1.   -1.                    
-1. 0.35 60.  1.    0  0.99 -1.                    
-1. 0.35 60.  1.05  0  0.99 -1.                    
-1. 0.35 60.  1.1   0  1.   -1.                    
-1. 0.35 75.  1.    0  0.89 -0.91                  
-1. 0.35 75.  1.05  0  1.   -1.                    
-1. 0.35 82.5 1.    0  0.87 -0.95                  
-1. 0.35 82.5 1.05  0  1.   -1.                    
-1. 0.35 89.  1.    0  0.86 -0.93                  
-1. 0.35 89.5 1.05  0  1.   -1.                    
-1. 0.7   0.1 1.    0  0.97 -1.                    
-1. 0.7   0.1 1.4   0  0.89 -1.                    
-1. 0.7   0.1 1.7   0  0.72 -1.                    
-1. 0.7   0.1 2.    0  0.32 -1.                    
-1. 0.7   0.1 2.5  -1 -0.02 -1.                    
-1. 0.7   0.1 3.   -1 -0.37 -1.                    
-1. 0.7  15.  1.    0  0.98 -1.                    
-1. 0.7  15.  1.4   0  0.9  -1.                    
-1. 0.7  15.  1.7   0  0.74 -1.                    
-1. 0.7  15.  2.    0  0.43 -1.                    
-1. 0.7  15.  4.   -1 -1.09 -0.95                  
-1. 0.7  22.5 1.    0  0.99 -1.                    
-1. 0.7  22.5 1.4   0  0.93 -1.                    
-1. 0.7  22.5 1.6   0  0.84 -0.97                  
-1. 0.7  22.5 3.5   0  0.23 -1.                    
-1. 0.7  30.  1.    0  0.99 -1.                    
-1. 0.7  30.  1.2   0  0.97 -1.                    
-1. 0.7  37.5 1.    0  0.98 -1.                    
-1. 0.7  37.5 1.1   0  0.98 -1.                    
-1. 0.7  37.5 1.2   0  0.97 -1.                    
-1. 0.7  37.5 3.    0  0.67 -0.99                  
-1. 0.7  45.  1.05  0  0.96 -1.                    
-1. 0.7  45.  1.1   0  0.96 -1.                    
-1. 0.7  52.5 1.05  0  0.94 -1.                    
-1. 0.7  60.  1.    0  0.98 -1.                    
-1. 0.7  60.  1.05  0  0.96 -1.                    
-1. 0.7  60.  1.1   0  1.   -1.                    
-1. 0.7  60.  1.7   0  1.   -1.                    
-1. 0.7  75.  1.    0  0.97 -1.                    
-1. 0.7  75.  1.05  0  1.   -1.                    
-1. 0.7  82.5 1.    0  1.   -1.                    
-1. 0.7  82.5 1.05  0  1.   -1.                    
-1. 0.7  89.  1.    0  0.93 -0.97                  
-1. 0.7  89.5 1.05  0  1.   -1.                    
 0. 0.2   0.1 1.    0  0.96 -1.                    
 0. 0.2   0.1 1.4   0  0.84 -1.                    
 0. 0.2   0.1 1.7   0  0.72 -1.                    
 0. 0.2   0.1 2.    0  0.41 -1.                    
 0. 0.2   0.1 2.5  -1 -0.35 -1.                    
 0. 0.2   0.1 3.   -1 -1.22 -1.                    
 0. 0.2   0.1 3.5  -1 -2.52 -1.                    
 0. 0.2   0.1 4.   -1 -3.94 -1.                    
 0. 0.2  15.  1.    0  0.96 -1.                    
 0. 0.2  15.  1.4   0  0.83 -1.                    
 0. 0.2  15.  1.7   0  0.67 -1.                    
 0. 0.2  15.  2.    0  0.39 -1.                    
 0. 0.2  15.  3.   -1 -0.99 -1.                    
 0. 0.2  15.  4.   -1 -2.24 -1.                    
 0. 0.2  22.5 1.    0  0.97 -1.                    
 0. 0.2  22.5 1.4   0  0.79 -1.                    
 0. 0.2  22.5 1.6   0  0.65 -1.                    
 0. 0.2  22.5 1.7   0  0.58 -1.                    
 0. 0.2  22.5 1.8   0  0.47 -1.                    
 0. 0.2  22.5 3.   -1 -0.69 -1.                    
 0. 0.2  22.5 3.5  -1 -1.02 -1.                    
 0. 0.2  22.5 4.   -1 -1.36 -1.                    
 0. 0.2  30.  1.    0  0.97 -1.                    
 0. 0.2  30.  1.2   0  0.86 -1.                    
 0. 0.2  30.  1.4   0  0.71 -1.                    
 0. 0.2  30.  1.5   0  0.64 -1.                    
 0. 0.2  30.  1.6   0  0.55 -1.                    
 0. 0.2  30.  2.5  -1 -0.22 -1.                    
 0. 0.2  30.  3.   -1 -0.38 -1.                    
 0. 0.2  30.  3.5  -1 -0.55 -1.                    
 0. 0.2  30.  4.   -1 -0.74 -1.                    
 0. 0.2  37.5 1.    0  0.98 -1.                    
 0. 0.2  37.5 1.1   0  0.9  -1.                    
 0. 0.2  37.5 1.2   0  0.82 -1.                    
 0. 0.2  37.5 1.3   0  0.8  -1.                    
 0. 0.2  37.5 4.   -1 -0.35 -1.                    
 0. 0.2  45.  1.    0  0.94 -1.                    
 0. 0.2  45.  1.05  0  0.95 -1.                    
 0. 0.2  45.  1.1   0  0.92 -1.                    
 0. 0.2  45.  1.15  0  0.97 -1.                    
 0. 0.2  52.5 1.    0  0.94 -1.                    
 0. 0.2  52.5 1.05  0  0.94 -1.                    
 0. 0.2  52.5 1.1   0  1.   -1.                    
 0. 0.2  60.  1.    0  0.89 -1.                    
 0. 0.2  60.  1.05  0  1.   -1.                    
 0. 0.2  75.  1.    0  0.87 -1.                    
 0. 0.2  75.  1.05  0  0.99 -1.                    
 0. 0.2  82.5 1.    0  0.93 -1.                    
 0. 0.2  82.5 1.05  0  1.   -1.                    
 0. 0.2  89.  1.    0  0.99 -1.                    
 0. 0.2  89.5 1.05  0  1.   -1.                    
 0. 0.7   0.1 1.    0  0.91 -1.                    
 0. 0.7   0.1 1.7   0  0.65 -1.                    
 0. 0.7   0.1 2.    0  0.3  -1.                    
 0. 0.7   0.1 2.5  -1 -0.23 -1.                    
 0. 0.7   0.1 3.   -1 -1.36 -0.93                  
 0. 0.7  15.  1.    0  0.95 -1.                    
 0. 0.7  15.  1.4   0  0.84 -1.                    
 0. 0.7  15.  1.7   0  0.65 -1.                    
 0. 0.7  15.  4.   -1 -1.26 -1.                    
 0. 0.7  22.5 1.    0  0.96 -1.                    
 0. 0.7  22.5 1.4   0  0.88 -1.                    
 0. 0.7  22.5 4.   -1 -0.91 -1.                    
 0. 0.7  30.  1.    0  0.97 -1.                    
 0. 0.7  30.  1.2   0  0.96 -1.                    
 0. 0.7  37.5 1.    0  0.98 -1.                    
 0. 0.7  37.5 1.1   0  0.97 -1.                    
 0. 0.7  37.5 1.2   0  0.96 -1.                    
 0. 0.7  45.  1.    0  0.98 -1.                    
 0. 0.7  45.  1.05  0  0.97 -1.                    
 0. 0.7  45.  1.1   0  0.97 -1.                    
 0. 0.7  45.  1.15  0  0.99 -1.                    
 0. 0.7  52.5 1.    0  0.98 -1.                    
 0. 0.7  52.5 1.05  0  0.96 -1.                    
 0. 0.7  52.5 1.1   0  1.   -1.                    
 0. 0.7  60.  1.    0  0.98 -1.                    
 0. 0.7  60.  1.05  0  0.96 -1.                    
 0. 0.7  75.  1.    0  0.98 -1.                    
 0. 0.7  75.  1.05  0  1.   -1.                    
 0. 0.7  82.5 1.    0  0.97 -1.                    
 0. 0.7  82.5 1.05  0  1.   -1.                    
 0. 0.7  89.  1.    0  0.97 -1.                    
 0. 0.7  89.5 1.05  0  1.   -1.                    
