)O+_05 Big-body initial data  (WARNING: Do not delete this line!!)
) Lines beginning with `)' are ignored.
)---------------------------------------------------------------------
 style (Cartesian, Asteroidal, Cometary) =  Cartesian
 epoch (in days) =  0.0
)---------------------------------------------------------------------
       1 m=2.80143e-07 d=3.54062e+00
-0.4376230595748445 -0.12211472221602564 -0.0009797315266496707
0.006644358755841891 -0.02456944378746806 -0.00021271763278355542
0.0 0.0 0.0
       2 m=2.80143e-07 d=3.54062e+00
-0.41984114519605975 -0.5018747501985794 9.408349205248391e-05
0.016257276450123488 -0.01369802112473742 1.4345400249860462e-06
0.0 0.0 0.0
       3 m=2.80143e-07 d=3.54062e+00
0.7359688041626226 -0.1525926426953027 0.0013006765398959814
0.00412004593198165 0.019341850371949902 3.555267578226899e-05
0.0 0.0 0.0
       4 m=2.80143e-07 d=3.54062e+00
0.6804880809389791 0.48471363794445466 -0.001654240313756968
-0.010976640768991804 0.015275639532481004 0.00014555249260611873
0.0 0.0 0.0
       5 m=2.80143e-07 d=3.54062e+00
-0.8455392746880672 -0.3732382506757115 0.005559575593733461
0.0073169718878310416 -0.01636387412927623 -1.691606455301449e-05
0.0 0.0 0.0
       6 m=2.80143e-07 d=3.54062e+00
1.0116664493339054 0.16199719763357007 -0.00010839327288028372
-0.002702650638900129 0.016786041702792798 -1.7992999776659535e-05
0.0 0.0 0.0
       7 m=2.80143e-07 d=3.54062e+00
-0.44651135069608633 1.0349520298455652 4.938824988784548e-05
-0.014901188282897888 -0.006381681418346695 -1.4590494988733269e-05
0.0 0.0 0.0
       8 m=2.80143e-07 d=3.54062e+00
-0.8053103946603306 0.9437890395736275 -0.00577684756180783
-0.011752091790029295 -0.009973146987580898 -4.5292049611593316e-05
0.0 0.0 0.0
       9 m=2.80143e-07 d=3.54062e+00
-0.8663310995777882 1.0178388200717754 -0.0005999689063867558
-0.011376745911517303 -0.009690084055594387 -4.8035305569538345e-05
0.0 0.0 0.0
      10 m=2.80143e-07 d=3.54062e+00
1.2039608333037068 0.8465428757731217 0.005403660758412101
-0.008126143774352114 0.011584858680687583 -5.309064473751067e-05
0.0 0.0 0.0
      11 m=2.80143e-07 d=3.54062e+00
-0.6731502269542777 -1.4372695394403296 0.00021335247153400993
0.012369215459725155 -0.005795659868410952 -5.511815314707471e-06
0.0 0.0 0.0
      12 m=2.80143e-07 d=3.54062e+00
1.6098774433575789 -0.6128208029333442 -0.0034859820189097443
0.004718012321122218 0.01219904980112754 7.645351025280155e-05
0.0 0.0 0.0
      13 m=2.80143e-07 d=3.54062e+00
1.849187517305361 0.023879216702481387 0.012951292434992552
-0.00017138031890825793 0.0126425748744175 -4.630483544901746e-06
0.0 0.0 0.0
      14 m=2.80143e-07 d=3.54062e+00
-1.968064971743224 0.26024511676776063 -0.0016304244218677132
-0.0015808434693330496 -0.012104995123939944 5.9164292338975244e-05
0.0 0.0 0.0
      15 m=2.73237e-08 d=3.18582e+00
0.2121603293858076 0.2850549847388068 0.001952375990656942
-0.02307917719617128 0.017302681396419498 -0.0001483922520702662
0.0 0.0 0.0
      16 m=2.73237e-08 d=3.18582e+00
-0.35197838370351586 0.24746677781891027 0.0017751780945341965
-0.015081638863868114 -0.021453107796092847 0.00016261976567938323
0.0 0.0 0.0
      17 m=2.73237e-08 d=3.18582e+00
-0.2958139531869259 0.3591774700034333 0.003034544077576678
-0.019460708840752676 -0.01602927176501888 -9.655655340350266e-05
0.0 0.0 0.0
      18 m=2.73237e-08 d=3.18582e+00
0.3048145584533679 0.38461902251778246 -0.0025386812645105585
-0.019168655947638516 0.015388972925694416 0.0001418702500117266
0.0 0.0 0.0
      19 m=2.73237e-08 d=3.18582e+00
0.44991409466875154 0.24800948504301912 0.0009697299411343878
-0.01158443545207355 0.021028517855777917 4.9004051110227386e-05
0.0 0.0 0.0
      20 m=2.73237e-08 d=3.18582e+00
0.5108538432210207 -0.14768395050894934 -0.0022221885950591625
0.006429097299198307 0.02273528039228796 -1.696965463439678e-05
0.0 0.0 0.0
      21 m=2.73237e-08 d=3.18582e+00
0.45306374291906726 -0.31195596164273054 0.0022461298395698654
0.01327652187741002 0.019034958741574542 -6.0813206567059236e-05
0.0 0.0 0.0
      22 m=2.73237e-08 d=3.18582e+00
-0.3240665902131682 -0.4617899667292943 -0.0001494632056106096
0.01876852278714071 -0.013205600059777542 1.517027196689796e-05
0.0 0.0 0.0
      23 m=2.73237e-08 d=3.18582e+00
0.5743991434319599 -0.1136511362044214 6.42354390391644e-05
0.004417370690965169 0.021950061848085428 4.3945149558107544e-05
0.0 0.0 0.0
      24 m=2.73237e-08 d=3.18582e+00
-0.5936311644771215 0.037690257753820705 0.0006017027409804666
-0.0013150078193524318 -0.022255106527718598 -7.124877908881221e-05
0.0 0.0 0.0
      25 m=2.73237e-08 d=3.18582e+00
-0.43288821110396924 0.42305228717442894 6.858198334909654e-05
-0.015434643193808821 -0.015871610359975648 -1.4322098413153737e-06
0.0 0.0 0.0
      26 m=2.73237e-08 d=3.18582e+00
-0.6192386272223135 0.013967465929433542 -0.002156270740964221
-0.0004898279478114695 -0.021838539005367613 5.7695094681100344e-05
0.0 0.0 0.0
      27 m=2.73237e-08 d=3.18582e+00
0.37323446297418844 0.5077486222415116 0.005117157831681738
-0.01743298202027177 0.012860563187372423 -9.075117881834533e-06
0.0 0.0 0.0
      28 m=2.73237e-08 d=3.18582e+00
-0.5911895038956426 -0.2524683025204462 -0.004570626476701735
0.008446888948964193 -0.019678375483593424 0.00010629482930928995
0.0 0.0 0.0
      29 m=2.73237e-08 d=3.18582e+00
-0.0623416589561504 -0.6472523268324287 0.0006595997320921084
0.021241470435565565 -0.002034459458961123 7.67017983301904e-05
0.0 0.0 0.0
      30 m=2.73237e-08 d=3.18582e+00
0.5116933270170254 -0.4097733479612781 0.0018209422529947576
0.013276618299751339 0.01668534200357495 7.384781241759496e-05
0.0 0.0 0.0
      31 m=2.73237e-08 d=3.18582e+00
-0.6672757111595217 -0.10362371432390842 -0.004188195471775253
0.0032538513164583893 -0.020589670372303023 0.0001008653392795124
0.0 0.0 0.0
      32 m=2.73237e-08 d=3.18582e+00
-0.3684397197072963 0.5707097549450398 -0.0011148002974035137
-0.01753825898831329 -0.011295795228066874 6.14299458598981e-05
0.0 0.0 0.0
      33 m=2.73237e-08 d=3.18582e+00
-0.663020440912184 0.1808645324182376 -0.0013207267453399694
-0.005464472189561143 -0.020018843160415217 -3.066469898791697e-06
0.0 0.0 0.0
      34 m=2.73237e-08 d=3.18582e+00
-0.19330168703208442 -0.6709246805239342 0.0021824547408413105
0.019757448004181697 -0.0056474289918407305 -9.368856230372572e-05
0.0 0.0 0.0
      35 m=2.73237e-08 d=3.18582e+00
0.6574103988853404 -0.24518967782271905 0.0013730708986675485
0.0072402376856809895 0.019251648299360293 7.714079535658513e-05
0.0 0.0 0.0
      36 m=2.73237e-08 d=3.18582e+00
0.5083221970332271 -0.49779427375835716 -0.003513605359779282
0.014151420926019008 0.014694664991270435 3.430605669517811e-05
0.0 0.0 0.0
      37 m=2.73237e-08 d=3.18582e+00
-0.6610173019116345 -0.283940393903524 0.0023589290389137907
0.007927353250896036 -0.018677991187605783 -0.00013964357552997297
0.0 0.0 0.0
      38 m=2.73237e-08 d=3.18582e+00
-0.6645702741759434 0.30293713997803284 0.0023328959316087153
-0.008267108019147505 -0.018322192212626896 2.7042273976163713e-05
0.0 0.0 0.0
      39 m=2.73237e-08 d=3.18582e+00
0.7213058914018932 -0.16337328682594185 -0.0015888439723848779
0.004273848359311819 0.019499674386205652 -0.00010036870259050884
0.0 0.0 0.0
      40 m=2.73237e-08 d=3.18582e+00
-0.10157373730150882 -0.7334174166659915 0.0003058240667428758
0.019849696051806837 -0.002842487221332981 -5.376586255449767e-06
0.0 0.0 0.0
      41 m=2.73237e-08 d=3.18582e+00
-0.7343596045071359 0.17874286981708642 -0.002074412858528147
-0.004658669264176452 -0.019197021874988725 -3.105977269872864e-05
0.0 0.0 0.0
      42 m=2.73237e-08 d=3.18582e+00
-0.4814972978516676 0.598364493890682 -0.0011544025854965066
-0.01519866485605384 -0.012291307888254659 0.00013192032162751363
0.0 0.0 0.0
      43 m=2.73237e-08 d=3.18582e+00
-0.02271258583465157 -0.7693722808494783 0.004734585467292335
0.019599991989058357 -0.0007143013740555529 4.392820384707846e-05
0.0 0.0 0.0
      44 m=2.73237e-08 d=3.18582e+00
0.5182053704785159 0.5799744952822341 0.0011352539694946162
-0.014467376622951786 0.013100119557504657 -6.688698624420196e-05
0.0 0.0 0.0
      45 m=2.73237e-08 d=3.18582e+00
0.6870057770844569 -0.3851986753895594 -0.0002625469949175763
0.009555191946061428 0.016858649422883572 3.069986922283983e-05
0.0 0.0 0.0
      46 m=2.73237e-08 d=3.18582e+00
-0.4681732531323746 0.6508548048507672 0.0019854222713021072
-0.015469511543698168 -0.011270640401713907 -8.746018299517444e-05
0.0 0.0 0.0
      47 m=2.73237e-08 d=3.18582e+00
-0.7503199722932377 0.3041073172144557 -0.00020792868758958305
-0.0071636635028027975 -0.017659346937164845 -4.5769752905270134e-05
0.0 0.0 0.0
      48 m=2.73237e-08 d=3.18582e+00
-0.4224038683534991 -0.7007526745362883 -0.0009659066166657268
0.01617415547556237 -0.009889358134839087 -8.258659990980118e-05
0.0 0.0 0.0
      49 m=2.73237e-08 d=3.18582e+00
0.4787478427935813 0.664192092651646 -0.0028484203614274456
-0.015516754107035326 0.011046900636411025 4.164358147389871e-06
0.0 0.0 0.0
      50 m=2.73237e-08 d=3.18582e+00
0.728487851108715 0.3963553935145386 0.0024919917124363103
-0.009016390826511407 0.016616028473689714 -6.959336330475998e-06
0.0 0.0 0.0
      51 m=2.73237e-08 d=3.18582e+00
0.807955151920071 0.2070174009095787 0.0059966054949258584
-0.004803898822749648 0.018275474588502556 9.155809326450165e-05
0.0 0.0 0.0
      52 m=2.73237e-08 d=3.18582e+00
-0.030560384374386435 -0.8460070659838854 -0.0009050590469389105
0.018709095066914722 -0.000522290795329775 3.434384291490856e-05
0.0 0.0 0.0
      53 m=2.73237e-08 d=3.18582e+00
-0.8039224199260695 0.2980272194107866 -0.0031073058936431316
-0.00650153812318395 -0.01740206748454925 -1.8727288393554298e-06
0.0 0.0 0.0
      54 m=2.73237e-08 d=3.18582e+00
0.06901800657848575 -0.8627885024882446 5.762779638911414e-05
0.018445089286440293 0.0013972518137924856 2.861029461021487e-05
0.0 0.0 0.0
      55 m=2.73237e-08 d=3.18582e+00
0.5884596500103008 0.659201146279526 -0.00022018609954516674
-0.013553674817265281 0.012164852327818186 -2.294108273024183e-05
0.0 0.0 0.0
      56 m=2.73237e-08 d=3.18582e+00
0.766535071891997 0.441496942436322 0.0027028952886503214
-0.009124233634158778 0.01584863009771996 -6.62784716222152e-05
0.0 0.0 0.0
      57 m=2.73237e-08 d=3.18582e+00
0.3369218045271529 -0.827220559615524 0.00409437794972795
0.016854050840903013 0.006879789484388409 -2.3022260133075627e-07
0.0 0.0 0.0
      58 m=2.73237e-08 d=3.18582e+00
-0.8869753060065293 -0.15346419078310236 0.0007024816051328178
0.003184087672770182 -0.017874600026895813 -2.456270328349401e-05
0.0 0.0 0.0
      59 m=2.73237e-08 d=3.18582e+00
0.6635458965281285 -0.6266391711468711 0.0034806496136530938
0.012325906896575053 0.01311459912817603 7.883171618141108e-05
0.0 0.0 0.0
      60 m=2.73237e-08 d=3.18582e+00
0.6326224755383987 -0.6800505122586428 0.005701683412199194
0.012956319140234962 0.012167151968008723 -9.476975639950472e-05
0.0 0.0 0.0
      61 m=2.73237e-08 d=3.18582e+00
-0.7365706450932203 0.5608705797267013 -0.0008292335516083367
-0.010902554733567613 -0.014224514759868405 2.238734127953156e-05
0.0 0.0 0.0
      62 m=2.73237e-08 d=3.18582e+00
0.8389946554587184 -0.4387772053260546 0.0021110427469585857
0.008169242648363776 0.015602824740820798 -2.495145471894259e-05
0.0 0.0 0.0
      63 m=2.73237e-08 d=3.18582e+00
0.652171667119545 -0.6908200276857813 0.004753766196673138
0.012837976720106958 0.012097171773385913 -0.0001245029553351819
0.0 0.0 0.0
      64 m=2.73237e-08 d=3.18582e+00
-0.9177560359036625 0.2858122014812718 -0.002044159226698392
-0.0052982762957257306 -0.016700788405819095 2.3800995515741744e-05
0.0 0.0 0.0
      65 m=2.73237e-08 d=3.18582e+00
-0.39172914509926593 -0.8832102586169943 -0.001167587951379463
0.01596237663294189 -0.007215247246153966 1.0907535422634474e-05
0.0 0.0 0.0
      66 m=2.73237e-08 d=3.18582e+00
-0.23124423043455422 -0.9454062591419259 -0.0005072586437822932
0.01697149662563812 -0.004164457151522523 -4.710621987396492e-06
0.0 0.0 0.0
      67 m=2.73237e-08 d=3.18582e+00
-0.42670263789894414 0.8858248050361552 -0.005017190813346756
-0.015698715037729755 -0.007462480337343507 5.74285289442221e-05
0.0 0.0 0.0
      68 m=2.73237e-08 d=3.18582e+00
-0.995878995854464 -0.03899627593631144 -0.004295481538365437
0.0006779596456834656 -0.017218716433381676 8.787379447968772e-06
0.0 0.0 0.0
      69 m=2.73237e-08 d=3.18582e+00
0.3270083305590304 -0.9517488891063608 0.0024892884898596473
0.016239771849417606 0.005507602146759804 -4.6042323942296365e-05
0.0 0.0 0.0
      70 m=2.73237e-08 d=3.18582e+00
1.019539344634718 -0.033369581505753365 0.0008907578123997535
0.0007105274835239664 0.016984133959772912 -2.793599000698734e-05
0.0 0.0 0.0
      71 m=2.73237e-08 d=3.18582e+00
0.5930868934216738 -0.8385894350676906 0.0008193001111339983
0.013901498757883645 0.00972163488909003 -9.527562163390144e-06
0.0 0.0 0.0
      72 m=2.73237e-08 d=3.18582e+00
-0.31634350570472325 -0.989658561055643 0.005630847567649163
0.016050864074614854 -0.005125005751508005 0.00010144444008585189
0.0 0.0 0.0
      73 m=2.73237e-08 d=3.18582e+00
0.1595821492898299 1.0332842279397314 -0.006501999589238964
-0.016610016307439083 0.0026713757634761726 -4.269731885142317e-05
0.0 0.0 0.0
      74 m=2.73237e-08 d=3.18582e+00
-1.035723576724221 0.1953797529626976 -0.0019023789342549387
-0.003247049907936204 -0.016450252633155547 -2.7217292812390464e-05
0.0 0.0 0.0
      75 m=2.73237e-08 d=3.18582e+00
-0.9787295935493575 -0.4259340065717445 0.0005542228851576444
0.006661073976326856 -0.015243125903923743 -8.030351807710672e-06
0.0 0.0 0.0
      76 m=2.73237e-08 d=3.18582e+00
0.5446857519894617 0.9259864459774373 -0.0016121682659058865
-0.01429581488380683 0.00844705155933045 -0.00011880803752304216
0.0 0.0 0.0
      77 m=2.73237e-08 d=3.18582e+00
0.0822710591642869 -1.078931717342772 0.0022585541428690277
0.016512967846123897 0.001286390183480166 6.0983212416236e-06
0.0 0.0 0.0
      78 m=2.73237e-08 d=3.18582e+00
0.793281810063839 -0.76468693592021 -0.0013623928968325893
0.011326983701089257 0.011778342659088517 3.993146453052707e-06
0.0 0.0 0.0
      79 m=2.73237e-08 d=3.18582e+00
-1.0027338835666386 -0.45836017139515833 1.2607073050747797e-06
0.0068449546770095685 -0.01491025528791056 5.165597284357426e-07
0.0 0.0 0.0
      80 m=2.73237e-08 d=3.18582e+00
0.31425469973321996 1.068789268556064 0.0019291089031968126
-0.015684315837884377 0.004479856379810241 3.3931961502357385e-05
0.0 0.0 0.0
      81 m=2.73237e-08 d=3.18582e+00
0.673891599054692 -0.9016325159279948 -0.0041858266457922245
0.012994162344926615 0.009702805726790964 4.308146446394359e-05
0.0 0.0 0.0
      82 m=2.73237e-08 d=3.18582e+00
1.1296614200430062 -0.19701502259932382 0.00818436510534221
0.0028055209358454217 0.015742500474024524 -5.984368011774572e-05
0.0 0.0 0.0
      83 m=2.73237e-08 d=3.18582e+00
0.555630427048302 1.0041070304886857 0.0019297722227809432
-0.014050721639612008 0.00776143071051095 4.1598742659490414e-05
0.0 0.0 0.0
      84 m=2.73237e-08 d=3.18582e+00
0.49807213624798774 -1.0371379619094876 -0.007352763597521146
0.014505710663439388 0.006944802684909702 3.1272529914599e-06
0.0 0.0 0.0
      85 m=2.73237e-08 d=3.18582e+00
1.1208804072097833 -0.32902117491399996 -0.006807227630632817
0.004491298371237491 0.01526402684860309 2.903691735520255e-05
0.0 0.0 0.0
      86 m=2.73237e-08 d=3.18582e+00
1.167459085931886 0.21986564896074123 -0.000526831965150739
-0.002936009189163047 0.015438742154178174 -1.9333138495446237e-05
0.0 0.0 0.0
      87 m=2.73237e-08 d=3.18582e+00
-0.6346672179501439 -0.9938008709309876 -0.0037637164234260107
0.013380169667413806 -0.008595812640673805 -1.568928765210769e-05
0.0 0.0 0.0
      88 m=2.73237e-08 d=3.18582e+00
1.1856620032910468 -0.18772822087357982 -0.0001067552218976309
0.0023600649471140715 0.015512959479775833 -2.8281021602243132e-05
0.0 0.0 0.0
      89 m=2.73237e-08 d=3.18582e+00
0.556288679768522 1.0796647737313432 0.008676508937722207
-0.013843171375287953 0.007141862629274345 -5.3556312526164196e-05
0.0 0.0 0.0
      90 m=2.73237e-08 d=3.18582e+00
1.2042995287377676 0.22786564242052554 0.0023370314951192623
-0.0028407090880383764 0.015241385513463051 -9.87170722290044e-06
0.0 0.0 0.0
      91 m=2.73237e-08 d=3.18582e+00
0.998516874465451 -0.7311769677760872 0.007043122331974924
0.009166351667246242 0.012401281604349685 1.3699989267330026e-05
0.0 0.0 0.0
      92 m=2.73237e-08 d=3.18582e+00
-0.8997765206000562 0.8479029997439091 -0.0016574196455862783
-0.010685649724727452 -0.011234128259573893 -1.5312820627149725e-06
0.0 0.0 0.0
      93 m=2.73237e-08 d=3.18582e+00
0.4015574980922184 1.1869795693301963 -0.005259308097841912
-0.014553829919400428 0.004922526301339841 -6.452742483420329e-05
0.0 0.0 0.0
      94 m=2.73237e-08 d=3.18582e+00
-1.184148397198386 0.44382964138495506 0.007841065988154235
-0.005277792403264347 -0.014349295104115083 9.137651417344419e-05
0.0 0.0 0.0
      95 m=2.73237e-08 d=3.18582e+00
-1.067239288959975 0.6982658666058349 -0.003223569721444448
-0.008342270373242835 -0.012736728245327407 1.2463505145019525e-05
0.0 0.0 0.0
      96 m=2.73237e-08 d=3.18582e+00
1.1704514391911158 -0.5173806197578668 1.3780539625590869e-05
0.00624631427532172 0.013899919778482978 -4.608365353238478e-06
0.0 0.0 0.0
      97 m=2.73237e-08 d=3.18582e+00
0.7364364141430821 -1.070711432277432 0.003971872238429243
0.012393920977401076 0.008573215868581107 -9.528486556709522e-05
0.0 0.0 0.0
      98 m=2.73237e-08 d=3.18582e+00
-0.7147478798557331 1.0943561137040998 -0.00040721071212645473
-0.012597621865860605 -0.008228598555492388 -1.5225716570505417e-05
0.0 0.0 0.0
      99 m=2.73237e-08 d=3.18582e+00
-1.0370288491034398 0.8138472323410811 0.008235937117399748
-0.00924585200922076 -0.011789080386676278 -3.848856464489257e-05
0.0 0.0 0.0
     100 m=2.73237e-08 d=3.18582e+00
0.11084081361944198 1.3296127416749168 -0.000250880780898354
-0.014807738723026712 0.0013023782925915576 0.00011921379266271372
0.0 0.0 0.0
     101 m=2.73237e-08 d=3.18582e+00
0.4690402454614676 -1.2603961494351945 -4.4583133471014626e-05
0.013882557822858459 0.005158060241433823 -2.797303070644763e-05
0.0 0.0 0.0
     102 m=2.73237e-08 d=3.18582e+00
1.3167273973820408 -0.3378451301846731 0.0011824911074817485
0.003705088156240783 0.014238210948166598 4.178635474155129e-05
0.0 0.0 0.0
     103 m=2.73237e-08 d=3.18582e+00
-1.3603605090198552 -0.03710999141438942 0.0026787885031848875
0.0004211542434107013 -0.014751612844088081 1.8164772416253985e-06
0.0 0.0 0.0
     104 m=2.73237e-08 d=3.18582e+00
0.9531258517062436 -0.9978028308162075 0.006009384189787996
0.010546832720085478 0.010116327931979386 5.4296746660286805e-05
0.0 0.0 0.0
     105 m=2.73237e-08 d=3.18582e+00
1.382965468328249 0.16948377111379687 0.0022277138917589294
-0.0016950401066148004 0.014433602032561804 9.093250161304584e-05
0.0 0.0 0.0
     106 m=2.73237e-08 d=3.18582e+00
-0.35905983568468747 1.350968347316416 0.007212710003048253
-0.014053049645321874 -0.0037509973902147588 -6.589745179093871e-05
0.0 0.0 0.0
     107 m=2.73237e-08 d=3.18582e+00
-1.2834297334834324 -0.5893675312521209 -0.0035486744369989413
0.006079927008192136 -0.013114685950451014 -7.868479440220361e-05
0.0 0.0 0.0
     108 m=2.73237e-08 d=3.18582e+00
-1.2443919555774965 0.6928220014883519 0.0011389268033866731
-0.006949261407537287 -0.012603645047337757 -2.2545337176166214e-05
0.0 0.0 0.0
     109 m=2.73237e-08 d=3.18582e+00
-1.4090975947521565 0.24981268215381336 -0.003737092849865461
-0.0025627525585592095 -0.014151939201161808 3.5445020359302272e-06
0.0 0.0 0.0
     110 m=2.73237e-08 d=3.18582e+00
1.295890108622115 0.6465984634743336 -0.0007664375010736677
-0.006431879499059129 0.01273699350086421 2.634874248019132e-05
0.0 0.0 0.0
     111 m=2.73237e-08 d=3.18582e+00
-0.42225312833197015 -1.4027864748935197 3.4021012367123186e-05
0.013545854557885439 -0.0041337759514543364 -7.462044985645104e-06
0.0 0.0 0.0
     112 m=2.73237e-08 d=3.18582e+00
-1.3360897221737051 0.5961414465509981 -0.009747988161749705
-0.005747678567591668 -0.013026124351248133 -1.9468099422515404e-05
0.0 0.0 0.0
     113 m=2.73237e-08 d=3.18582e+00
-0.9162255318514745 -1.1672403191098693 -0.0026564171996989704
0.011080810671401133 -0.008709494722091761 7.551904647278967e-05
0.0 0.0 0.0
     114 m=2.73237e-08 d=3.18582e+00
-0.6475850590236729 -1.3389188876153955 -0.0004106339735927612
0.012684252732468747 -0.006198199341565092 -5.90528486475913e-05
0.0 0.0 0.0
     115 m=2.73237e-08 d=3.18582e+00
0.7490352523109682 -1.2921259949664394 -0.003157426008367466
0.012151759522355676 0.007179072270465267 9.529721556308964e-05
0.0 0.0 0.0
     116 m=2.73237e-08 d=3.18582e+00
-1.4348325390483114 0.46207050332255006 0.0002250755737605548
-0.004314064963087808 -0.01336049188808033 -1.5793815976012593e-08
0.0 0.0 0.0
     117 m=2.73237e-08 d=3.18582e+00
-1.3937645108371128 0.5963468982135675 -0.00021309104229560728
-0.005484234965906183 -0.01289727880259413 1.9599445261126326e-05
0.0 0.0 0.0
     118 m=2.73237e-08 d=3.18582e+00
-1.5448617257881445 0.1086315014996998 -0.001034387027816976
-0.0009981381650213672 -0.013736361865720678 -2.707840927505518e-05
0.0 0.0 0.0
     119 m=2.73237e-08 d=3.18582e+00
0.5365931201025851 -1.4655717508185588 -0.00040004532709116136
0.012893741492695374 0.004687926731141941 5.2908810793219126e-05
0.0 0.0 0.0
     120 m=2.73237e-08 d=3.18582e+00
1.5374536339785285 0.27495528630564436 -0.012539983369309832
-0.002419406814407165 0.013548482796989362 1.3941935963644175e-05
0.0 0.0 0.0
     121 m=2.73237e-08 d=3.18582e+00
-1.50647958046043 0.4488349104120562 0.007750158334955271
-0.003911144780559055 -0.013158596211894647 -7.404534920377885e-05
0.0 0.0 0.0
     122 m=2.73237e-08 d=3.18582e+00
0.747806760800019 -1.3949463310159944 0.00784555374931633
0.012057469407363887 0.006475498606848625 3.291788230158344e-05
0.0 0.0 0.0
     123 m=2.73237e-08 d=3.18582e+00
1.593034084356789 0.18157648733871967 0.0012501623849974124
-0.0014610547491650371 0.013483424145445636 4.452222942891269e-05
0.0 0.0 0.0
     124 m=2.73237e-08 d=3.18582e+00
-1.1628519876625365 -1.1151695055978592 -0.00513985748346218
0.009332442391148943 -0.009821265349037971 6.6355779131327e-05
0.0 0.0 0.0
     125 m=2.73237e-08 d=3.18582e+00
-1.5146161663564415 0.5932517342842424 -0.0020378057142574593
-0.00491345955883359 -0.012542215074040288 -3.762073731020716e-06
0.0 0.0 0.0
     126 m=2.73237e-08 d=3.18582e+00
-1.233142489549534 -1.0557929335478238 0.010712549361401265
0.008807293461891002 -0.01029472903466521 -5.719811248137514e-05
0.0 0.0 0.0
     127 m=2.73237e-08 d=3.18582e+00
1.4653443880282018 -0.778948779704428 -0.0007220885682347005
0.006256784796537851 0.011740258637628809 -8.07017304761738e-06
0.0 0.0 0.0
     128 m=2.73237e-08 d=3.18582e+00
-0.46836082968289905 -1.5949097673904957 0.00944384742449907
0.012785116269932778 -0.0037776411494592384 -5.044551949226013e-05
0.0 0.0 0.0
     129 m=2.73237e-08 d=3.18582e+00
0.2167337754987652 -1.6620592803967673 -0.0037783977717919864
0.013159110234935345 0.0017179912494074238 7.984040735669709e-05
0.0 0.0 0.0
     130 m=2.73237e-08 d=3.18582e+00
1.6739918404331011 -0.2562542010461477 0.004935424353292398
0.001954856176718544 0.013038131595528484 -2.0257280948384558e-05
0.0 0.0 0.0
     131 m=2.73237e-08 d=3.18582e+00
-1.2960668829308073 -1.0841906420587037 -0.013118273443156601
0.008451946223365567 -0.010219741527847577 -3.5672751001582326e-05
0.0 0.0 0.0
     132 m=2.73237e-08 d=3.18582e+00
-0.5186950006934937 -1.6288532035690138 0.007373930069757766
0.012514087707727651 -0.004065799875754251 6.864729759185885e-05
0.0 0.0 0.0
     133 m=2.73237e-08 d=3.18582e+00
-1.511023220696458 -0.7925157341673853 0.0028577859228499274
0.006118320067563427 -0.011731367407757641 -5.6540636834933025e-05
0.0 0.0 0.0
     134 m=2.73237e-08 d=3.18582e+00
-1.5649989993011557 -0.740899546980141 -0.008641238330117566
0.005567976893698938 -0.011842723495971399 -3.236382345093596e-05
0.0 0.0 0.0
     135 m=2.73237e-08 d=3.18582e+00
-1.1288383709073917 -1.322242309800592 -0.0019799538050231853
0.009986884157627272 -0.008448596002100253 5.528900020341729e-06
0.0 0.0 0.0
     136 m=2.73237e-08 d=3.18582e+00
1.4826685578883243 -0.9562955528976463 -0.01352279566450899
0.006990086240802775 0.010886106362910623 -1.8085380549531354e-05
0.0 0.0 0.0
     137 m=2.73237e-08 d=3.18582e+00
-1.570196419656266 0.8288711287478416 0.004961832269066777
-0.006096022586904849 -0.011371518528369831 3.1547249765855094e-05
0.0 0.0 0.0
     138 m=2.73237e-08 d=3.18582e+00
1.2928908918962505 -1.2392033008985166 -0.015262853407447142
0.008837484340605658 0.009312013661682135 2.41246156923411e-05
0.0 0.0 0.0
     139 m=2.73237e-08 d=3.18582e+00
1.1937924333481778 1.3544350250367443 0.005801566384375923
-0.009619302598692668 0.008414951841292394 -7.137853063753813e-05
0.0 0.0 0.0
     140 m=2.73237e-08 d=3.18582e+00
-1.2637870953439876 1.300439273616303 -0.0026956954848648047
-0.00913347371625729 -0.008926065840520228 -1.2664804141447264e-05
0.0 0.0 0.0
     141 m=2.73237e-08 d=3.18582e+00
1.4743119228854065 1.0870940108211742 0.0015741509446066974
-0.007472457027358525 0.010253941650725306 -4.257957143415398e-05
0.0 0.0 0.0
     142 m=2.73237e-08 d=3.18582e+00
0.3612410294395645 -1.8163183738281847 0.0039474448529075315
0.012361558010140621 0.0024116015165682736 7.54159545178829e-06
0.0 0.0 0.0
     143 m=2.73237e-08 d=3.18582e+00
0.45617457083847884 -1.7940678384514606 0.007708000085576262
0.012257826385915958 0.003104108213965368 2.2050492804452682e-05
0.0 0.0 0.0
     144 m=2.73237e-08 d=3.18582e+00
1.8558407381725723 -0.05449910600680219 0.0011697195097316114
0.0003598662601118699 0.012647038200462351 1.0582609280354186e-05
0.0 0.0 0.0
     145 m=2.73237e-08 d=3.18582e+00
-0.48920557487544086 1.8181395075359539 0.008225008382363487
-0.012113702014471083 -0.0031648837487219333 -5.774323607464245e-05
0.0 0.0 0.0
     146 m=2.73237e-08 d=3.18582e+00
-0.2454088027642969 1.859150908377408 -6.626388170690841e-05
-0.012504452722874898 -0.0016643377038108261 3.171203403743167e-06
0.0 0.0 0.0
     147 m=2.73237e-08 d=3.18582e+00
-1.1022206413887254 -1.5654018332670114 0.009537245403921696
0.010180553664569582 -0.0070785099222412575 -6.313355706501043e-05
0.0 0.0 0.0
     148 m=2.73237e-08 d=3.18582e+00
1.8845713207138965 -0.36252131490374173 -0.0015364235761222188
0.00225843676381834 0.01220640588016326 -8.172073865790552e-06
0.0 0.0 0.0
     149 m=2.73237e-08 d=3.18582e+00
-0.4447417753895281 -1.8825009124253513 0.00843704256433124
0.012026127339507638 -0.002848491638752083 4.3882273326499845e-06
0.0 0.0 0.0
     150 m=2.73237e-08 d=3.18582e+00
-1.8458125261129374 0.6430357017280133 0.007479084255574791
-0.004041744379980531 -0.011588320125390014 3.0715401786937013e-05
0.0 0.0 0.0
     151 m=2.73237e-08 d=3.18582e+00
0.49224516806701224 1.8958433477650045 0.0012796375838938806
-0.011902997271837652 0.003059880100385203 1.408173436356396e-05
0.0 0.0 0.0
     152 m=2.73237e-08 d=3.18582e+00
1.6080451698841933 -1.138887243215406 -0.010149364901873181
0.007060286263604224 0.010020869864714357 -6.6114803673203e-05
0.0 0.0 0.0
     153 m=2.73237e-08 d=3.18582e+00
1.790502737076536 0.8706491649801315 0.0007889492792665376
-0.0054097310579290184 0.01090638624868241 -8.26821680233425e-06
0.0 0.0 0.0
     154 m=2.73237e-08 d=3.18582e+00
1.9267943621137489 0.5393393978665397 -0.004829179715076308
-0.0032879364366682545 0.011702569579752138 -4.672288534251872e-06
0.0 0.0 0.0
    1000 m=9.55110e-04 d=1.32600e+00
-3.9221051541650103 3.615076175903113 -0.005799421994959031
-0.00521031798875617 -0.005195858472560751 -4.601181812421322e-05
0.0 0.0 0.0
    1001 m=2.85730e-04 d=6.87000e-01
-7.966838880651688 -5.799353977407862 0.15319269778096606
0.0029620957515577194 -0.0045172613406566356 6.08235514644637e-06
0.0 0.0 0.0
