)O+_05 Big-body initial data  (WARNING: Do not delete this line!!)
) Lines beginning with `)' are ignored.
)---------------------------------------------------------------------
 style (Cartesian, Asteroidal, Cometary) =  Cartesian
 epoch (in days) =  0.0
)---------------------------------------------------------------------
       1 m=5.01434e-08 d=3.24119e+00
-0.35588380757191906 -0.0989648463887742 -0.007957474711648338
0.005162167469267173 -0.02704146234473668 -0.0023433988577990024
0.0 0.0 0.0
       2 m=5.01434e-08 d=3.24119e+00
-0.2744223147769716 -0.32804192456734194 0.0006149614195640511
0.01950718613987859 -0.017535377932853088 1.889750959269235e-05
0.0 0.0 0.0
       3 m=5.01434e-08 d=3.24119e+00
0.4779062510253077 -0.09916341947114815 0.008446687114179693
0.006172483872214758 0.02300730035013689 0.0004491587074061729
0.0 0.0 0.0
       4 m=5.01434e-08 d=3.24119e+00
0.39764937840209535 0.28370100001288434 -0.00966363787685164
-0.014988604846355707 0.019303298567134135 0.0019114696500332172
0.0 0.0 0.0
       5 m=5.01434e-08 d=3.24119e+00
-0.44467159663267614 -0.1964320761831263 0.02927605385859593
0.011186264969909984 -0.022484629422339322 -0.0002993013848279218
0.0 0.0 0.0
       6 m=5.01434e-08 d=3.24119e+00
0.5138147480478352 0.08227375183010163 -0.0005505075712453756
-0.003987598357798038 0.023617131236632827 -0.00025327846133805723
0.0 0.0 0.0
       7 m=5.01434e-08 d=3.24119e+00
-0.21248444691288013 0.4925071419982411 0.0002350230918421784
-0.02191199213604419 -0.008772559843474043 -0.00021212980686828922
0.0 0.0 0.0
       8 m=5.01434e-08 d=3.24119e+00
-0.3746514800139787 0.4396760119855784 -0.026912137627613842
-0.017254832880739507 -0.01392559107568881 -0.0006774545415793044
0.0 0.0 0.0
       9 m=5.01434e-08 d=3.24119e+00
-0.3375738825903891 0.39666765159758877 -0.0023376471627010484
-0.01886674579872836 -0.01616513540149723 -0.0007985391279859024
0.0 0.0 0.0
      10 m=5.01434e-08 d=3.24119e+00
0.4962305396626573 0.34942201464053446 0.02228742542772575
-0.012212465799833908 0.01782980251124911 -0.0008026383321458692
0.0 0.0 0.0
      11 m=5.01434e-08 d=3.24119e+00
-0.25092557424376527 -0.5357648134904346 0.0007953022120962722
0.0203125213775272 -0.009554215542913563 -9.053278610993331e-05
0.0 0.0 0.0
      12 m=5.01434e-08 d=3.24119e+00
0.5894803295171616 -0.22399758797865227 -0.012756090473204015
0.008634733505376484 0.019369027331039616 0.0012176289930679852
0.0 0.0 0.0
      13 m=5.01434e-08 d=3.24119e+00
0.6221834957860356 0.008112666408445324 0.043646969373928014
-0.0004178206762337766 0.02168032745665825 -8.823369975611531e-05
0.0 0.0 0.0
      14 m=5.01434e-08 d=3.24119e+00
-0.624129200411142 0.08240604356411343 -0.005168516002614265
-0.0024930458347032294 -0.02149412754794283 0.0010519461241955076
0.0 0.0 0.0
      15 m=5.01434e-08 d=3.24119e+00
0.3826202721120815 0.5155937654052118 0.03529636636160721
-0.016652735520302546 0.01335872012680034 -0.0010611363616440466
0.0 0.0 0.0
      16 m=5.01434e-08 d=3.24119e+00
-0.5292132097840948 0.3730787490837594 0.026712339903708884
-0.012238688500822197 -0.017463006833422508 0.001323532070727013
0.0 0.0 0.0
      17 m=5.01434e-08 d=3.24119e+00
-0.41909907325769924 0.5075882889176682 0.04297777837131154
-0.01630950341957075 -0.013418754815513847 -0.0008096267992722891
0.0 0.0 0.0
      18 m=5.01434e-08 d=3.24119e+00
0.40165629877613135 0.5083667508247103 -0.033526254823173694
-0.016045556826083218 0.014450090868235375 0.0011828720542319407
0.0 0.0 0.0
      19 m=5.01434e-08 d=3.24119e+00
0.5860275848476061 0.32289464523772393 0.012630334171899783
-0.010139240137840289 0.018501945084834766 0.0004316284964022604
0.0 0.0 0.0
      20 m=5.01434e-08 d=3.24119e+00
0.6319186269678185 -0.18278812061161034 -0.027504966653107595
0.004804018182322421 0.021023008555296284 -0.00010882775115619663
0.0 0.0 0.0
      21 m=5.01434e-08 d=3.24119e+00
0.5592397351675311 -0.3846223374679134 0.02772697651170965
0.012941739564561287 0.016570654768116765 -0.0005040099778922672
0.0 0.0 0.0
      22 m=5.01434e-08 d=3.24119e+00
-0.38442972436465617 -0.5478166207221 -0.0017730469359739209
0.017409554320407205 -0.01252931488349701 0.0001411771447741469
0.0 0.0 0.0
      23 m=5.01434e-08 d=3.24119e+00
0.7463299373370541 -0.1476777834239621 0.0008345748042004001
0.004321802695665641 0.01842167315256859 0.0003718606580001503
0.0 0.0 0.0
      24 m=5.01434e-08 d=3.24119e+00
-0.7162419885043441 0.04536003244113497 0.007258758396107592
-0.00039038377838956093 -0.02021612517256255 -0.0006539444702297248
0.0 0.0 0.0
      25 m=5.01434e-08 d=3.24119e+00
-0.5014568355349904 0.49006256680190846 0.0007944523213292488
-0.01418218407593563 -0.015229488576181791 -1.3968851145187399e-05
0.0 0.0 0.0
      26 m=5.01434e-08 d=3.24119e+00
-0.7356615584021908 0.016258399329478562 -0.025623744567448467
-0.0004311632006121506 -0.019914731240058853 0.0005269887987004009
0.0 0.0 0.0
      27 m=5.01434e-08 d=3.24119e+00
0.436118793723035 0.5935134611632815 0.05993769752018172
-0.015874948551369554 0.01209707117630717 -5.850927160912331e-05
0.0 0.0 0.0
      28 m=5.01434e-08 d=3.24119e+00
-0.7058536614073517 -0.3028936750596585 -0.054681068243788725
0.007858885981077719 -0.01753379835486877 0.000977739911147928
0.0 0.0 0.0
      29 m=5.01434e-08 d=3.24119e+00
-0.07164629236585346 -0.742451891238353 0.007564928816688054
0.019881652846466903 -0.0018052389083494762 0.0007169052725623454
0.0 0.0 0.0
      30 m=5.01434e-08 d=3.24119e+00
0.5478292952911832 -0.4391411959329101 0.019503922679323868
0.01278677867318348 0.01697754799513508 0.0007205421478492131
0.0 0.0 0.0
      31 m=5.01434e-08 d=3.24119e+00
-0.8178411311809466 -0.12824755432940865 -0.05138963333305572
0.0032658412739879597 -0.017766770334604623 0.0009036714435548082
0.0 0.0 0.0
      32 m=5.01434e-08 d=3.24119e+00
-0.42368534105087924 0.6559401010298402 -0.012814139852755244
-0.016382981060081615 -0.010323080538560871 0.0005672411338806599
0.0 0.0 0.0
      33 m=5.01434e-08 d=3.24119e+00
-0.7530590221166618 0.2054373974537252 -0.015002702970638656
-0.005156718154870648 -0.018782302328667587 -2.9337858330114876e-05
0.0 0.0 0.0
      34 m=5.01434e-08 d=3.24119e+00
-0.2257563848621461 -0.7856510514670944 0.025550799444089868
0.01803058283217949 -0.00478389652985425 -0.0008623151946740039
0.0 0.0 0.0
      35 m=5.01434e-08 d=3.24119e+00
0.722936839429144 -0.26992741336644643 0.015099754324687728
0.007433283771340352 0.018432528530310032 0.0007547770532223123
0.0 0.0 0.0
      36 m=5.01434e-08 d=3.24119e+00
0.5671976823396832 -0.5550045641902125 -0.03922004737671344
0.012397089778491256 0.014949542459528764 0.00039697481020742684
0.0 0.0 0.0
      37 m=5.01434e-08 d=3.24119e+00
-0.7376165419631232 -0.31782213498848244 0.026324171942971514
0.006815380957064342 -0.01801070973973689 -0.0013015263019133195
0.0 0.0 0.0
      38 m=5.01434e-08 d=3.24119e+00
-0.7661220498791161 0.34942713460733 0.026904688952680188
-0.007000064796925094 -0.017118685470439505 0.0002276302970106739
0.0 0.0 0.0
      39 m=5.01434e-08 d=3.24119e+00
0.8369899090595448 -0.190047244541865 -0.018433959180035944
0.0027211403960242337 0.018008405754795367 -0.0008884688328125554
0.0 0.0 0.0
      40 m=5.01434e-08 d=3.24119e+00
-0.10764838335468263 -0.7773112348145235 0.003241283178109692
0.019690071718012882 -0.0036108739993714074 -5.0389738206269016e-05
0.0 0.0 0.0
      41 m=5.01434e-08 d=3.24119e+00
-0.8480916973399493 0.20661741334422035 -0.023963048279773268
-0.004153850601272505 -0.017617634378424264 -0.00028144340121911705
0.0 0.0 0.0
      42 m=5.01434e-08 d=3.24119e+00
-0.5794149483616109 0.7193091673545025 -0.013873585497940533
-0.013044523465368649 -0.011067306523736602 0.001162036368502704
0.0 0.0 0.0
      43 m=5.01434e-08 d=3.24119e+00
-0.025689398655738785 -0.850880009937156 0.0524240335725458
0.018627239920672837 -0.0018231106871462019 0.0004892658228044088
0.0 0.0 0.0
      44 m=5.01434e-08 d=3.24119e+00
0.5702672914382924 0.6385611757183784 0.012494997749447245
-0.013114267292978198 0.013368201180480977 -0.0006245403141687448
0.0 0.0 0.0
      45 m=5.01434e-08 d=3.24119e+00
0.7684017601255386 -0.43081032948905507 -0.0029363797067222196
0.009680035086711664 0.015528010520738319 0.0002870539604354459
0.0 0.0 0.0
      46 m=5.01434e-08 d=3.24119e+00
-0.5546306313517031 0.7701404508425047 0.0234991623441808
-0.013130931197482956 -0.01079754684372241 -0.0008005694390762364
0.0 0.0 0.0
      47 m=5.01434e-08 d=3.24119e+00
-0.8823049689543894 0.3576326620881025 -0.0024448466138638973
-0.006456743490839821 -0.01578483465769728 -0.0004098024224700699
0.0 0.0 0.0
      48 m=5.01434e-08 d=3.24119e+00
-0.4937384648687295 -0.8186236299124559 -0.011282506951196704
0.013988106163975216 -0.009759228123836065 -0.0007540349921096749
0.0 0.0 0.0
      49 m=5.01434e-08 d=3.24119e+00
0.5108212063257858 0.708740195018899 -0.030406048221916115
-0.01582653358464515 0.010100247125061433 7.409277300061458e-05
0.0 0.0 0.0
      50 m=5.01434e-08 d=3.24119e+00
0.7947912194582819 0.43248664320811875 0.027196864613499953
-0.008533828839234816 0.01610648928227131 -6.167296288611809e-05
0.0 0.0 0.0
      51 m=5.01434e-08 d=3.24119e+00
0.8367450976647358 0.21283998006028254 0.062156632978246765
-0.005839751606810558 0.01817413761053145 0.0008515261552315372
0.0 0.0 0.0
      52 m=5.01434e-08 d=3.24119e+00
-0.03281721343974148 -0.9109235333514987 -0.009744864617122895
0.018243098955055676 0.0008053544744337582 0.0003481146558861972
0.0 0.0 0.0
      53 m=5.01434e-08 d=3.24119e+00
-0.8866883900788566 0.32872650476556653 -0.03428718056753796
-0.006564729706011915 -0.016417532270768434 -3.24659315639044e-05
0.0 0.0 0.0
      54 m=5.01434e-08 d=3.24119e+00
0.07534475607315633 -0.9419390793429632 0.000629119619915899
0.01777121169138186 0.0006756207932851746 0.00027529031083014003
0.0 0.0 0.0
      55 m=5.01434e-08 d=3.24119e+00
0.7022212911536995 0.7866140202326997 -0.0026274180497221768
-0.011573074734275131 0.010959938199810764 -0.00020176452683489052
0.0 0.0 0.0
      56 m=5.01434e-08 d=3.24119e+00
0.8437986380548429 0.486614452483887 0.029765477720628347
-0.008645080241365451 0.015091815268992914 -0.0006296656686010845
0.0 0.0 0.0
      57 m=5.01434e-08 d=3.24119e+00
0.3684601142380602 -0.9046490198124666 0.044807259327299426
0.01608450700579573 0.006696386852430888 -7.756596852426191e-06
0.0 0.0 0.0
      58 m=5.01434e-08 d=3.24119e+00
-0.9461717670666158 -0.1637571281954081 0.007493643285050157
0.003881438512603594 -0.017383373027007477 -0.00024673696435405386
0.0 0.0 0.0
      59 m=5.01434e-08 d=3.24119e+00
0.7311198772801214 -0.6916021242815862 0.03838737689618249
0.011396029832791485 0.012683359193885704 0.0007328598184462564
0.0 0.0 0.0
      60 m=5.01434e-08 d=3.24119e+00
0.7421012655269771 -0.7951603549098818 0.06682020146950865
0.01099618028568311 0.011298705825676002 -0.0008850661774554036
0.0 0.0 0.0
      61 m=5.01434e-08 d=3.24119e+00
-0.768014766972972 0.5847467359751769 -0.008645974263826033
-0.011296000855679384 -0.01393804664488749 0.00021966313498574734
0.0 0.0 0.0
      62 m=5.01434e-08 d=3.24119e+00
0.9767017966408781 -0.510600599286236 0.024576561720028214
0.007372422122353429 0.013922334239076168 -0.00022159672810035598
0.0 0.0 0.0
      63 m=5.01434e-08 d=3.24119e+00
0.7172401896864621 -0.7570853586920623 0.05218398798255412
0.012275670449204114 0.01133999180468313 -0.001174108566094151
0.0 0.0 0.0
      64 m=5.01434e-08 d=3.24119e+00
-1.0210970688668672 0.31783365998387747 -0.02274502261874352
-0.005727762990243029 -0.015388273578258553 0.00020561826354390387
0.0 0.0 0.0
      65 m=5.01434e-08 d=3.24119e+00
-0.41651645576620533 -0.939192540466609 -0.012416263927644517
0.015174320057965447 -0.008033535008035312 9.372753692659316e-05
0.0 0.0 0.0
      66 m=5.01434e-08 d=3.24119e+00
-0.24110009847167957 -0.9856707914526408 -0.005288676243969628
0.016919051994415527 -0.004265706057361835 -4.761191430445061e-05
0.0 0.0 0.0
      67 m=5.01434e-08 d=3.24119e+00
-0.445398706335247 0.9226496395256576 -0.05231420426014395
-0.015970023714109532 -0.006722242787020555 0.0005323415785594786
0.0 0.0 0.0
      68 m=5.01434e-08 d=3.24119e+00
-1.0766307974055898 -0.04227551123800394 -0.04646633383871289
0.0006826674515527775 -0.01656072771882913 8.589379841344145e-05
0.0 0.0 0.0
      69 m=5.01434e-08 d=3.24119e+00
0.3533123148333306 -1.027202685374507 0.026871622938839435
0.015821502765969754 0.004737239841317415 -0.0004285474090984139
0.0 0.0 0.0
      70 m=5.01434e-08 d=3.24119e+00
1.1315942698148684 -0.03695628480023405 0.009886367732366143
0.0020121341764410853 0.015785204278469196 -0.00024860089348061726
0.0 0.0 0.0
      71 m=5.01434e-08 d=3.24119e+00
0.6454021419220256 -0.9125168207317251 0.008915551091234658
0.013705109328779802 0.008631277139778506 -8.461176155790732e-05
0.0 0.0 0.0
      72 m=5.01434e-08 d=3.24119e+00
-0.35206812247086305 -1.0953101632647277 0.06237507824324077
0.015017294957346779 -0.004724295674543743 0.0009462257935880768
0.0 0.0 0.0
      73 m=5.01434e-08 d=3.24119e+00
0.1717714034448246 1.1065557805943353 -0.06972075355775359
-0.01589152910006731 0.003466204495270985 -0.0004686233520626278
0.0 0.0 0.0
      74 m=5.01434e-08 d=3.24119e+00
-1.092913934442442 0.2063308171828307 -0.020076086675237147
-0.004385328226141566 -0.015880243037023487 -0.0002887107008220052
0.0 0.0 0.0
      75 m=5.01434e-08 d=3.24119e+00
-1.069064767461264 -0.4652627841029599 0.00605383099040197
0.006520921349934421 -0.014376859313952396 -7.733463481721831e-05
0.0 0.0 0.0
      76 m=5.01434e-08 d=3.24119e+00
0.5795318506072139 0.9840298994638561 -0.01712440064504808
-0.013754889417527456 0.008448905637767748 -0.0011609878925838391
0.0 0.0 0.0
      77 m=5.01434e-08 d=3.24119e+00
0.08564949148015327 -1.12380692443508 0.023528185362492245
0.01638747843458564 0.0015132077946665773 5.5670840936219355e-05
0.0 0.0 0.0
      78 m=5.01434e-08 d=3.24119e+00
0.8932572144184076 -0.8610329755979517 -0.015341459295968028
0.01027300401282494 0.010925844766810997 3.873304003519309e-05
0.0 0.0 0.0
      79 m=5.01434e-08 d=3.24119e+00
-1.0450971096960322 -0.47772484396661213 1.3139692990622498e-05
0.007001507467077299 -0.014696560497150402 5.122250669342505e-06
0.0 0.0 0.0
      80 m=5.01434e-08 d=3.24119e+00
0.32930587481940954 1.1192364347988943 0.020203238080437228
-0.01574455736554541 0.0033486799653270408 0.00031483875139564455
0.0 0.0 0.0
      81 m=5.01434e-08 d=3.24119e+00
0.7170134838940891 -0.9583486614940103 -0.04452272469186876
0.012659339453297102 0.009364950902123767 0.00041598630240046727
0.0 0.0 0.0
      82 m=5.01434e-08 d=3.24119e+00
1.2986229470341637 -0.2246974114980711 0.0941993043501679
0.003029673928024872 0.013945426370057561 -0.0004964370845713054
0.0 0.0 0.0
      83 m=5.01434e-08 d=3.24119e+00
0.5963899162389344 1.0772166278284672 0.020704908474606726
-0.013565615381106611 0.007371379265091949 0.00039842199089399526
0.0 0.0 0.0
      84 m=5.01434e-08 d=3.24119e+00
0.5022354218195291 -1.045635585250867 -0.07423237704831478
0.014865432840519926 0.006930888809084128 2.1190768470702714e-05
0.0 0.0 0.0
      85 m=5.01434e-08 d=3.24119e+00
1.1967637031386698 -0.3506093135974884 -0.07274700537201134
0.004423762092200999 0.01469338719759921 0.0002747571196625503
0.0 0.0 0.0
      86 m=5.01434e-08 d=3.24119e+00
1.3343902291333563 0.25126617969028836 -0.00602147726490843
-0.0028813159046310695 0.013826680146363127 -0.00017263026660021982
0.0 0.0 0.0
      87 m=5.01434e-08 d=3.24119e+00
-0.6253620528595117 -0.9788966767890307 -0.03708825804838112
0.013741130943146888 -0.009268189716738052 -0.00017535778419341228
0.0 0.0 0.0
      88 m=5.01434e-08 d=3.24119e+00
1.2665086717806517 -0.20053913783183416 -0.00114028591492035
0.0014488279626010535 0.015057319845151032 -0.0002714195847363098
0.0 0.0 0.0
      89 m=5.01434e-08 d=3.24119e+00
0.6080323125055185 1.1836338204069363 0.09520239327595298
-0.012916510721138984 0.006761295833230319 -0.0004960874057007183
0.0 0.0 0.0
      90 m=5.01434e-08 d=3.24119e+00
1.3240836891453922 0.25061312561618676 0.025698017492455046
-0.0022876973701915935 0.014311673662285938 -8.513933957515833e-05
0.0 0.0 0.0
      91 m=5.01434e-08 d=3.24119e+00
1.1030180783945331 -0.808111881888137 0.07789848944537543
0.008984941815136614 0.011140617011458135 0.00016153084856853782
0.0 0.0 0.0
      92 m=5.01434e-08 d=3.24119e+00
-0.9115140557630461 0.8589744147839978 -0.016791496575307218
-0.01127929628569535 -0.010943612016491595 -2.3958187151431888e-05
0.0 0.0 0.0
      93 m=5.01434e-08 d=3.24119e+00
0.426301463555499 1.2565060359454343 -0.055706301653058794
-0.014104269906683859 0.004749953964273069 -0.0006249774727071692
0.0 0.0 0.0
      94 m=5.01434e-08 d=3.24119e+00
-1.252534617071897 0.47210371509110216 0.08305228739176883
-0.004299617160068488 -0.014144468453163025 0.0008312916796374071
0.0 0.0 0.0
      95 m=5.01434e-08 d=3.24119e+00
-1.1332203087425012 0.741269439953174 -0.03423317767915534
-0.008118889505388954 -0.012273218381041881 0.00011879063488392846
0.0 0.0 0.0
      96 m=5.01434e-08 d=3.24119e+00
1.18071973583181 -0.5219193397265587 0.0001390141350655844
0.007083882283230855 0.013769228135671377 -4.6658320732107756e-05
0.0 0.0 0.0
      97 m=5.01434e-08 d=3.24119e+00
0.7929193331371625 -1.1504768211311285 0.04269079485310145
0.011591974592886462 0.008434011295077554 -0.0009180196509672139
0.0 0.0 0.0
      98 m=5.01434e-08 d=3.24119e+00
-0.7506173965197798 1.1493153864300816 -0.004276508837496988
-0.012293584824382668 -0.008037397694537284 -0.0001486096371894719
0.0 0.0 0.0
      99 m=5.01434e-08 d=3.24119e+00
-1.0875575838506562 0.8521051750686582 0.08642038164572416
-0.0089941962989831 -0.011520634079557833 -0.0003780602104706804
0.0 0.0 0.0
     100 m=5.01434e-08 d=3.24119e+00
0.11975373053447447 1.4378252410517216 -0.0027100983686274907
-0.0139082162213441 0.001824855373294602 0.0011249912730964258
0.0 0.0 0.0
     101 m=5.01434e-08 d=3.24119e+00
0.5057691678178886 -1.3591063077261112 -0.0004807185703136164
0.0131957671719094 0.004830977726166789 -0.00026547155730938455
0.0 0.0 0.0
     102 m=5.01434e-08 d=3.24119e+00
1.4469946208910767 -0.37145743160461453 0.01299378563582953
0.003871346796800256 0.01311471297961124 0.0003921031789446012
0.0 0.0 0.0
     103 m=5.01434e-08 d=3.24119e+00
-1.402821790814191 -0.03825113353139342 0.027627538499825945
0.0005822352611415723 -0.014623503290019824 1.4772981953130136e-05
0.0 0.0 0.0
     104 m=5.01434e-08 d=3.24119e+00
1.0304951903467874 -1.080535474962549 0.06505243937204536
0.009749915431545655 0.009733928097516296 0.0005002804556673896
0.0 0.0 0.0
     105 m=5.01434e-08 d=3.24119e+00
1.5124609611146416 0.18459453194713793 0.024347966095194663
-0.0009362518325124868 0.01350352147410894 0.0008572776905578545
0.0 0.0 0.0
     106 m=5.01434e-08 d=3.24119e+00
-0.3778549435413123 1.4150889326914498 0.075614573868273
-0.013638374704868868 -0.0037672120546593134 -0.000648340608819964
0.0 0.0 0.0
     107 m=5.01434e-08 d=3.24119e+00
-1.3691003151473435 -0.6275846483258793 -0.03783306405611629
0.006233263718098849 -0.012328756188658007 -0.0007405331701751401
0.0 0.0 0.0
     108 m=5.01434e-08 d=3.24119e+00
-1.3295529540236433 0.7401280863090065 0.012168049032982561
-0.006172123785542991 -0.012280392590794253 -0.00021932368500508374
0.0 0.0 0.0
     109 m=5.01434e-08 d=3.24119e+00
-1.4605635208032837 0.258886968771346 -0.038744315599697286
-0.002980964326078789 -0.013836367460263494 2.264938520231056e-05
0.0 0.0 0.0
     110 m=5.01434e-08 d=3.24119e+00
1.388148591232767 0.692715590569514 -0.0082098390159415
-0.0066561626197076985 0.011833168149621247 0.0002536486658061189
0.0 0.0 0.0
     111 m=5.01434e-08 d=3.24119e+00
-0.465841792366209 -1.5475977706506816 0.00037532863283483474
0.012340697498784754 -0.004268948647384555 -6.863429922518759e-05
0.0 0.0 0.0
     112 m=5.01434e-08 d=3.24119e+00
-1.3538183485569686 0.6047999677221823 -0.09893546237143877
-0.005283357897227135 -0.013268330528052028 -0.0001605453112691384
0.0 0.0 0.0
     113 m=5.01434e-08 d=3.24119e+00
-0.9831672858552911 -1.2537471838756713 -0.028511770827855144
0.010436204353763377 -0.008312468082045147 0.0007140952732704089
0.0 0.0 0.0
     114 m=5.01434e-08 d=3.24119e+00
-0.6599942556361089 -1.3643766960652637 -0.004183335322252166
0.012434034345719326 -0.006635311085602884 -0.0005907973709246648
0.0 0.0 0.0
     115 m=5.01434e-08 d=3.24119e+00
0.7339002445536482 -1.2639638197895455 -0.030880145942564177
0.012034792599157263 0.008296951667617765 0.0010072570896695154
0.0 0.0 0.0
     116 m=5.01434e-08 d=3.24119e+00
-1.4304597112348785 0.4606622724144578 0.002243897928159976
-0.004491261854375382 -0.013595761833666254 -1.723216644282038e-08
0.0 0.0 0.0
     117 m=5.01434e-08 d=3.24119e+00
-1.3597351969310625 0.5817712027982166 -0.002078809047485285
-0.0054512883609513785 -0.01352538849505217 0.00020429043014589155
0.0 0.0 0.0
     118 m=5.01434e-08 d=3.24119e+00
-1.700167264199931 0.1196632418293731 -0.011383238144028612
-0.0012054207949274563 -0.012631880323333131 -0.0002513592543660875
0.0 0.0 0.0
     119 m=5.01434e-08 d=3.24119e+00
0.590033801794697 -1.6112875787451766 -0.004397210822883541
0.011972617478103055 0.004058543503657182 0.0004869164813415504
0.0 0.0 0.0
     120 m=5.01434e-08 d=3.24119e+00
1.5851592251255728 0.28414859212384824 -0.12957376867166337
-0.0023413470472514047 0.013313615040321502 0.00013437383435950496
0.0 0.0 0.0
     121 m=5.01434e-08 d=3.24119e+00
-1.5375321217576419 0.45588343448029317 0.07909360354559554
-0.003821867604491372 -0.013082510935479108 -0.0007395988466740094
0.0 0.0 0.0
     122 m=5.01434e-08 d=3.24119e+00
0.7557900650145595 -1.4118435453125275 0.07943752123986147
0.012032364585140657 0.006572986105649633 0.00032523448661185117
0.0 0.0 0.0
     123 m=5.01434e-08 d=3.24119e+00
1.6856098097780747 0.19191236554873625 0.013225857320288742
-0.0007317619963926585 0.012974765645624388 0.000431307803623053
0.0 0.0 0.0
     124 m=5.01434e-08 d=3.24119e+00
-1.1994665948134813 -1.1520706560792742 -0.05305312427525123
0.00874303521442026 -0.010014510377759175 0.0006332475028404358
0.0 0.0 0.0
     125 m=5.01434e-08 d=3.24119e+00
-1.5934965913601442 0.6241798024965182 -0.021440564048148845
-0.004741041978004051 -0.012082884921623597 -3.6340400280360426e-05
0.0 0.0 0.0
     126 m=5.01434e-08 d=3.24119e+00
-1.1831447222945959 -1.0158231698838842 0.10302160989361836
0.009197338365760888 -0.010846354124241515 -0.0005974868164148363
0.0 0.0 0.0
     127 m=5.01434e-08 d=3.24119e+00
1.6052268927101823 -0.8533344980182177 -0.007910251387760546
0.005882938956117251 0.010771370382682227 -7.499603264440167e-05
0.0 0.0 0.0
     128 m=5.01434e-08 d=3.24119e+00
-0.4849098787156555 -1.657811893529578 0.09821359562261606
0.012374389517285147 -0.003873986937860719 -0.00047944747884989976
0.0 0.0 0.0
     129 m=5.01434e-08 d=3.24119e+00
0.22819829870442082 -1.7408629378254064 -0.039561904418706044
0.012691299308336648 0.0016679729187782928 0.0007714046303167294
0.0 0.0 0.0
     130 m=5.01434e-08 d=3.24119e+00
1.7943127642814183 -0.27426810258442125 0.052912670137645654
0.0014855243019087595 0.012340101328447442 -0.00020146208071508977
0.0 0.0 0.0
     131 m=5.01434e-08 d=3.24119e+00
-1.2687613306708836 -1.0591523308550348 -0.12855048349440762
0.008196968694181572 -0.01092752410287318 -0.0004181324857618099
0.0 0.0 0.0
     132 m=5.01434e-08 d=3.24119e+00
-0.5296166624075704 -1.6567919354553033 0.07504330688087898
0.012187974000513644 -0.004667949159034163 0.0007099118117845572
0.0 0.0 0.0
     133 m=5.01434e-08 d=3.24119e+00
-1.412082392149677 -0.7412609020984943 0.026705976475706224
0.006337807586639772 -0.012749200048584822 -0.0006040789916400585
0.0 0.0 0.0
     134 m=5.01434e-08 d=3.24119e+00
-1.5668727166762904 -0.7406203006142633 -0.08655344366078598
0.005338288986235851 -0.012066343508089406 -0.000341676998879224
0.0 0.0 0.0
     135 m=5.01434e-08 d=3.24119e+00
-1.095007147544178 -1.2826759217365131 -0.019207443387020726
0.0107184455999749 -0.008382261852952731 6.341935849863927e-05
0.0 0.0 0.0
     136 m=5.01434e-08 d=3.24119e+00
1.5359428131789685 -0.9918260878167504 -0.14040312888852788
0.006590489809813289 0.010706797458336295 -0.00015768941693843677
0.0 0.0 0.0
     137 m=5.01434e-08 d=3.24119e+00
-1.6108675956262344 0.8510324125873047 0.05092073440758539
-0.006632291030686004 -0.010819361468549843 0.0003303024821291896
0.0 0.0 0.0
     138 m=5.01434e-08 d=3.24119e+00
1.340717756574779 -1.2830461213429436 -0.15852810352818217
0.008162514068054716 0.009410695043751726 0.00028203170737654446
0.0 0.0 0.0
     139 m=5.01434e-08 d=3.24119e+00
1.249356219757478 1.4200117980778915 0.06076663284036972
-0.009512870713374172 0.007767224679136925 -0.0006997759912200326
0.0 0.0 0.0
     140 m=5.01434e-08 d=3.24119e+00
-1.2917129175121191 1.3293699149378648 -0.027556257597057553
-0.008786854872910598 -0.009036090036180324 -0.00012018484902682606
0.0 0.0 0.0
     141 m=5.01434e-08 d=3.24119e+00
1.5421557710681872 1.1374594924407893 0.016464959312215383
-0.006670271294226601 0.010239113677830309 -0.0004040824464970355
0.0 0.0 0.0
     142 m=5.01434e-08 d=3.24119e+00
0.390523899673034 -1.9641928451779704 0.042693863164745306
0.011566350700149003 0.001833988021850059 7.89226290092547e-05
0.0 0.0 0.0
     143 m=5.01434e-08 d=3.24119e+00
0.4614054336985187 -1.8173704207242545 0.07811484229509695
0.01221179523036338 0.002983304266856001 0.00022376393791627823
0.0 0.0 0.0
     144 m=5.01434e-08 d=3.24119e+00
1.8098396260084444 -0.05319550822378538 0.01140728057853649
0.00026863999115261765 0.013057590953955261 0.00010859204402690568
0.0 0.0 0.0
     145 m=5.01434e-08 d=3.24119e+00
-0.5068532816003765 1.8762117006309915 0.08492340488834488
-0.01197992497692167 -0.0022727520419549493 -0.0005252575980824411
0.0 0.0 0.0
     146 m=5.01434e-08 d=3.24119e+00
-0.2297489068070829 1.7405098618033923 -0.0006203521741662283
-0.013386624109095082 -0.0019040070245161704 3.403238516203683e-05
0.0 0.0 0.0
     147 m=5.01434e-08 d=3.24119e+00
-1.1621803342238688 -1.65494625196514 0.10077927597751697
0.010021755366482086 -0.006177739973547711 -0.0006316980164453718
0.0 0.0 0.0
     148 m=5.01434e-08 d=3.24119e+00
1.9106511490573725 -0.36759024117934325 -0.015577150270470507
0.0014606525779978083 0.012235306151235461 -7.459550667637661e-05
0.0 0.0 0.0
     149 m=5.01434e-08 d=3.24119e+00
-0.45616498005278705 -1.9301958635436076 0.08656376327507
0.011773299266186504 -0.0028533024918463313 4.578735917301377e-05
0.0 0.0 0.0
     150 m=5.01434e-08 d=3.24119e+00
-1.9500424410656207 0.6803835630034223 0.07905724437118074
-0.0038716200231808952 -0.01099390848138173 0.0002932510943583508
0.0 0.0 0.0
     151 m=5.01434e-08 d=3.24119e+00
0.4984019393735989 1.91926289892859 0.012954476679413235
-0.011884877900848684 0.0027803896209175898 0.00013808057809088086
0.0 0.0 0.0
     152 m=5.01434e-08 d=3.24119e+00
1.6104657532877347 -1.1439408756618663 -0.10178586088491767
0.0068268366997407785 0.01018126590963327 -0.0006475345208825191
0.0 0.0 0.0
     153 m=5.01434e-08 d=3.24119e+00
1.8429215822216305 0.8961685499788052 0.008120499169719079
-0.006038664336999295 0.010234017652930822 -8.386176321117646e-05
0.0 0.0 0.0
    1000 m=9.55110e-04 d=1.32600e+00
-3.9221051541650103 3.615076175903113 -0.005799421994959031
-0.00521031798875617 -0.005195858472560751 -4.601181812421322e-05
0.0 0.0 0.0
    1001 m=2.85730e-04 d=6.87000e-01
-7.966838880651688 -5.799353977407862 0.15319269778096606
0.0029620957515577194 -0.0045172613406566356 6.08235514644637e-06
0.0 0.0 0.0
