)O+_05 Big-body initial data  (WARNING: Do not delete this line!!)
) Lines beginning with `)' are ignored.
)---------------------------------------------------------------------
 style (Cartesian, Asteroidal, Cometary) =  Cartesian
 epoch (in days) =  0.0
)---------------------------------------------------------------------
       1 m=5.01434e-08 d=3.24119e+00
-0.34175024700461204 -0.09536228854295324 -0.0007650956317430238
0.007518802969570386 -0.027802954912313497 -0.00024071276519299346
0.0 0.0 0.0
       2 m=5.01434e-08 d=3.24119e+00
-0.2730819763158824 -0.3264400124081838 6.11957790282653e-05
0.020157827354358962 -0.016984538940206153 1.778724145172967e-06
0.0 0.0 0.0
       3 m=5.01434e-08 d=3.24119e+00
0.45240176814395694 -0.09379905910503805 0.0007995289516405705
0.005254961808384629 0.024669794144552143 4.534608509372724e-05
0.0 0.0 0.0
       4 m=5.01434e-08 d=3.24119e+00
0.3952246805006435 0.2815196886719318 -0.000960775975052691
-0.014403154995312655 0.020044147245884377 0.0001909887692491718
0.0 0.0 0.0
       5 m=5.01434e-08 d=3.24119e+00
-0.46150893761145023 -0.2037194411919547 0.003034505791325943
0.00990394388575987 -0.022149448380350503 -2.2896869998855427e-05
0.0 0.0 0.0
       6 m=5.01434e-08 d=3.24119e+00
0.5179746404279442 0.08294279231048018 -5.549750768342628e-05
-0.003777063486773896 0.02345917163340233 -2.514594431694986e-05
0.0 0.0 0.0
       7 m=5.01434e-08 d=3.24119e+00
-0.21440996821497105 0.4969728798098222 2.371570862003358e-05
-0.021503770572380673 -0.009209346964876047 -2.1055411878479657e-05
0.0 0.0 0.0
       8 m=5.01434e-08 d=3.24119e+00
-0.362910966442354 0.42531599584509644 -0.0026033208382093514
-0.017506395325791818 -0.014856406580737386 -6.746888467027127e-05
0.0 0.0 0.0
       9 m=5.01434e-08 d=3.24119e+00
-0.36679545607319786 0.430942227976326 -0.0002540205110437779
-0.017484289457499583 -0.014892152449673356 -7.382279548908716e-05
0.0 0.0 0.0
      10 m=5.01434e-08 d=3.24119e+00
0.4795556895597889 0.33719074682797334 0.002152359270722057
-0.01287570765750697 0.018355970281606016 -8.412103452393676e-05
0.0 0.0 0.0
      11 m=5.01434e-08 d=3.24119e+00
-0.2526161412066852 -0.5393706640642445 8.006575043387976e-05
0.020191452166868996 -0.009460809328570163 -8.99746274465857e-06
0.0 0.0 0.0
      12 m=5.01434e-08 d=3.24119e+00
0.5700616385318892 -0.21700138261333166 -0.0012343949719848325
0.00792856370529061 0.020500358394411014 0.00012847921651638336
0.0 0.0 0.0
      13 m=5.01434e-08 d=3.24119e+00
0.6188001876806619 0.007990787109949271 0.004333936993668941
-0.0002962621395375172 0.021854996567973628 -8.004635367963252e-06
0.0 0.0 0.0
      14 m=5.01434e-08 d=3.24119e+00
-0.6233065417525735 0.08242232145254177 -0.000516372285760033
-0.0028090385084270928 -0.02150965488177989 0.00010513044379665007
0.0 0.0 0.0
      15 m=5.01434e-08 d=3.24119e+00
0.38150427209860993 0.5125826056910979 0.0035107401243891787
-0.017210865641152016 0.012903151711788022 -0.00011066075236828646
0.0 0.0 0.0
      16 m=5.01434e-08 d=3.24119e+00
-0.5299998113058186 0.3726289784288571 0.0026730165791370125
-0.012290475375480054 -0.017482774615899598 0.00013252367621910947
0.0 0.0 0.0
      17 m=5.01434e-08 d=3.24119e+00
-0.41778397364763364 0.5072735381346787 0.004285747407383993
-0.0163754068724199 -0.013487990040275651 -8.124847152894059e-05
0.0 0.0 0.0
      18 m=5.01434e-08 d=3.24119e+00
0.41250521134751206 0.5205045060085066 -0.0034355946017621264
-0.016477632042448273 0.013228566158913728 0.00012195355709075496
0.0 0.0 0.0
      19 m=5.01434e-08 d=3.24119e+00
0.589835366930944 0.3251393262538386 0.0012713116179968631
-0.010117524705668037 0.01836572440751373 4.2798779434417696e-05
0.0 0.0 0.0
      20 m=5.01434e-08 d=3.24119e+00
0.6531778203969296 -0.1888287270050125 -0.0028412907572150244
0.005685682725150364 0.02010633607831703 -1.5007405817079316e-05
0.0 0.0 0.0
      21 m=5.01434e-08 d=3.24119e+00
0.567565924103347 -0.3907961659181649 0.002813791167304467
0.011861942598929573 0.017006832817391276 -5.4333715728868814e-05
0.0 0.0 0.0
      22 m=5.01434e-08 d=3.24119e+00
-0.3990727626706414 -0.568672622731705 -0.0001840569073825259
0.016913020799105918 -0.01190006219502359 1.3670501840455531e-05
0.0 0.0 0.0
      23 m=5.01434e-08 d=3.24119e+00
0.6971541315668424 -0.13793954964621868 7.796321117680793e-05
0.004009648840154818 0.019924078414001553 3.98890268178051e-05
0.0 0.0 0.0
      24 m=5.01434e-08 d=3.24119e+00
-0.7116974659019869 0.04518640957169748 0.0007213743846471888
-0.0012009888535743397 -0.02032545699086541 -6.507108798682425e-05
0.0 0.0 0.0
      25 m=5.01434e-08 d=3.24119e+00
-0.5136047809517778 0.5019348453293531 8.136981703757055e-05
-0.014170003245347269 -0.01457116743715559 -1.314861499849746e-06
0.0 0.0 0.0
      26 m=5.01434e-08 d=3.24119e+00
-0.7282160699038098 0.016425546951540276 -0.0025357445992622344
-0.0004516920596070711 -0.020138284689995962 5.3203203823236364e-05
0.0 0.0 0.0
      27 m=5.01434e-08 d=3.24119e+00
0.43561458404896064 0.5926106156345621 0.005972408235289567
-0.0161365746186264 0.011904184681041718 -8.400244817711968e-06
0.0 0.0 0.0
      28 m=5.01434e-08 d=3.24119e+00
-0.68557217394701 -0.2927745534572394 -0.005300321317080249
0.00784392722923293 -0.018273679956660984 9.870721764941013e-05
0.0 0.0 0.0
      29 m=5.01434e-08 d=3.24119e+00
-0.07190055228907521 -0.7464960116376458 0.0007607366538081154
0.01977915102936257 -0.0018944018505673618 7.142144222070436e-05
0.0 0.0 0.0
      30 m=5.01434e-08 d=3.24119e+00
0.587434001380889 -0.47042786126489344 0.0020904775135452388
0.0123911841432018 0.015572575831487846 6.892281012975889e-05
0.0 0.0 0.0
      31 m=5.01434e-08 d=3.24119e+00
-0.7630870051003743 -0.11850260469304612 -0.004789560725623188
0.0030427294541986887 -0.019253736695700564 9.432082442770124e-05
0.0 0.0 0.0
      32 m=5.01434e-08 d=3.24119e+00
-0.41999275769307326 0.6505649391225465 -0.0012707860367376345
-0.01642664247478361 -0.010579840895465441 5.753636997596345e-05
0.0 0.0 0.0
      33 m=5.01434e-08 d=3.24119e+00
-0.7538153680044439 0.20563236915626745 -0.0015015888743973487
-0.005124826775560749 -0.018774567768911354 -2.875872819665837e-06
0.0 0.0 0.0
      34 m=5.01434e-08 d=3.24119e+00
-0.21931384960982547 -0.7612094686971012 0.0024761426460477615
0.01854879262037922 -0.005301949380598134 -8.79571953172027e-05
0.0 0.0 0.0
      35 m=5.01434e-08 d=3.24119e+00
0.7445996203366476 -0.27770802124032634 0.001555174776025214
0.006803144696572543 0.018089426716901225 7.24838072453666e-05
0.0 0.0 0.0
      36 m=5.01434e-08 d=3.24119e+00
0.574830213413313 -0.5629248344662338 -0.0039733195414247535
0.013307601821861543 0.013818453399964455 3.226045956545978e-05
0.0 0.0 0.0
      37 m=5.01434e-08 d=3.24119e+00
-0.7463369807356491 -0.3205895151034581 0.00266340377412378
0.007460486504709721 -0.017577985587367326 -0.00013141952651006428
0.0 0.0 0.0
      38 m=5.01434e-08 d=3.24119e+00
-0.7491897796883007 0.34151002230873173 0.002629942771973797
-0.007786246540236293 -0.017256470508754958 2.546934329385225e-05
0.0 0.0 0.0
      39 m=5.01434e-08 d=3.24119e+00
0.8119068725866864 -0.1838940953514997 -0.0017884137035676345
0.0040283365305204795 0.018379512808885706 -9.460300814963783e-05
0.0 0.0 0.0
      40 m=5.01434e-08 d=3.24119e+00
-0.11415920241670724 -0.8242912936892375 0.00034371711100445997
0.018723589850316854 -0.0026812282036006805 -5.071563593676735e-06
0.0 0.0 0.0
      41 m=5.01434e-08 d=3.24119e+00
-0.8241150474327896 0.20058931310150752 -0.0023279532817555744
-0.004397667115257103 -0.018121507886315495 -2.931964757723694e-05
0.0 0.0 0.0
      42 m=5.01434e-08 d=3.24119e+00
-0.5395468976226463 0.6705036721217899 -0.0012935780457984652
-0.014357795745192942 -0.011611288871242284 0.00012462180398783906
0.0 0.0 0.0
      43 m=5.01434e-08 d=3.24119e+00
-0.025413521144937765 -0.8608644946920533 0.005297612907728816
0.018529204239033592 -0.0006752776253932306 4.152831600088438e-05
0.0 0.0 0.0
      44 m=5.01434e-08 d=3.24119e+00
0.5789880366586548 0.6480023432128378 0.0012684130739511182
-0.01368692703463004 0.0123934273090012 -6.32787356097674e-05
0.0 0.0 0.0
      45 m=5.01434e-08 d=3.24119e+00
0.7664855062861436 -0.42976232744316784 -0.000292921068549566
0.009046230336430146 0.01596066585594779 2.9064626839083537e-05
0.0 0.0 0.0
      46 m=5.01434e-08 d=3.24119e+00
-0.5215937043702661 0.7251199559093797 0.0022119669380917945
-0.01465594190373422 -0.01067789700268132 -8.28604935098557e-05
0.0 0.0 0.0
      47 m=5.01434e-08 d=3.24119e+00
-0.8347581053980603 0.33833038880699656 -0.00023132818493381565
-0.00679169404892235 -0.01674239464961916 -4.3393182595155016e-05
0.0 0.0 0.0
      48 m=5.01434e-08 d=3.24119e+00
-0.46928488387185796 -0.7785265764125237 -0.0010731089566009652
0.015345013652068966 -0.00938239624434108 -7.835293193568076e-05
0.0 0.0 0.0
      49 m=5.01434e-08 d=3.24119e+00
0.5311486421779454 0.7368904810070505 -0.0031601909650306728
-0.014731475918208427 0.010487834605972456 3.953606620295284e-06
0.0 0.0 0.0
      50 m=5.01434e-08 d=3.24119e+00
0.8071199134847014 0.43913749616520126 0.0027609741635156357
-0.008565936664262593 0.01578590039583283 -6.6116515332138055e-06
0.0 0.0 0.0
      51 m=5.01434e-08 d=3.24119e+00
0.8939543781390593 0.22905245601106683 0.006634887745219839
-0.004566987325551828 0.017374192066427152 8.704276815957882e-05
0.0 0.0 0.0
      52 m=5.01434e-08 d=3.24119e+00
-0.03376797581080779 -0.9348032338186159 -0.0010000532594740803
0.01779834737936495 -0.0004968659881772206 3.2672004944955715e-05
0.0 0.0 0.0
      53 m=5.01434e-08 d=3.24119e+00
-0.8871237314911492 0.32887130949021437 -0.003428894046152656
-0.006189151164313117 -0.016565930121887583 -1.7827476601587975e-06
0.0 0.0 0.0
      54 m=5.01434e-08 d=3.24119e+00
0.07606097769074274 -0.9508321131379087 6.350844877756019e-05
0.017570374602562996 0.0013309904550308912 2.725351913371946e-05
0.0 0.0 0.0
      55 m=5.01434e-08 d=3.24119e+00
0.6476660456526956 0.7255250206078043 -0.00024233957315104382
-0.012919325684273874 0.011595503894189691 -2.186737717540033e-05
0.0 0.0 0.0
      56 m=5.01434e-08 d=3.24119e+00
0.8425717171413687 0.4852913461390177 0.0029710096877762883
-0.008702799514970522 0.015116606594883727 -6.321717240200653e-05
0.0 0.0 0.0
      57 m=5.01434e-08 d=3.24119e+00
0.3698705268802568 -0.9081172548644495 0.004494781011986227
0.01608584948383391 0.006566211243279118 -2.1972914094905047e-07
0.0 0.0 0.0
      58 m=5.01434e-08 d=3.24119e+00
-0.9724856424660426 -0.16825916252525075 0.0007702055180813977
0.0030408793380044324 -0.01707066748246669 -2.3457964910660822e-05
0.0 0.0 0.0
      59 m=5.01434e-08 d=3.24119e+00
0.7266058719928454 -0.6861917220171441 0.0038114325789109257
0.011778905029721686 0.012532596500187728 7.533330456104841e-05
0.0 0.0 0.0
      60 m=5.01434e-08 d=3.24119e+00
0.6918850519722113 -0.7437560349359429 0.006235803621458732
0.012389020645812841 0.011634407527388889 -9.062021828298568e-05
0.0 0.0 0.0
      61 m=5.01434e-08 d=3.24119e+00
-0.8045818110373946 0.6126585003085353 -0.000905800736386348
-0.010431586863045161 -0.013610045070021847 2.1420254325442025e-05
0.0 0.0 0.0
      62 m=5.01434e-08 d=3.24119e+00
0.9153485109537168 -0.47870872468912784 0.0023031610778637
0.007821105755506368 0.01493790154550403 -2.3888134373100638e-05
0.0 0.0 0.0
      63 m=5.01434e-08 d=3.24119e+00
0.7106661159604508 -0.7527809174407971 0.005180140029840523
0.012298290516093671 0.011588627720377151 -0.00011926906772047369
0.0 0.0 0.0
      64 m=5.01434e-08 d=3.24119e+00
-0.9988773709364989 0.3110754157188174 -0.0022248444186254443
-0.005078578206476663 -0.016008274256515208 2.2814064494184318e-05
0.0 0.0 0.0
      65 m=5.01434e-08 d=3.24119e+00
-0.4258501980966286 -0.9601411288856547 -0.001269289167299982
0.015309537620889132 -0.006920153665028045 1.0461432388419154e-05
0.0 0.0 0.0
      66 m=5.01434e-08 d=3.24119e+00
-0.25109185898473735 -1.0265502177401822 -0.0005507965133401241
0.01628693203124677 -0.0039964790418910165 -4.5206136987190165e-06
0.0 0.0 0.0
      67 m=5.01434e-08 d=3.24119e+00
-0.46278839706538866 0.9607380062659255 -0.005441488962226274
-0.01507424411750578 -0.007165634260947174 5.5144109727062166e-05
0.0 0.0 0.0
      68 m=5.01434e-08 d=3.24119e+00
-1.0788566483032032 -0.04224548537330941 -0.004653385436001762
0.0006513662681000964 -0.01654330185593691 8.442689168663745e-06
0.0 0.0 0.0
      69 m=5.01434e-08 d=3.24119e+00
0.35385109474494075 -1.0298740272360525 0.002693623907889438
0.015611659303439778 0.0052945822817819415 -4.42615254444918e-05
0.0 0.0 0.0
      70 m=5.01434e-08 d=3.24119e+00
1.10198259704885 -0.03606795390845685 0.0009627873731557868
0.0006834323204087025 0.016336463193078358 -2.6870682578945906e-05
0.0 0.0 0.0
      71 m=5.01434e-08 d=3.24119e+00
0.6403279994885108 -0.9053855367653814 0.0008845597617517271
0.013378873495469611 0.009356151132734426 -9.169374549052231e-06
0.0 0.0 0.0
      72 m=5.01434e-08 d=3.24119e+00
-0.3411621566146847 -1.0673019768487937 0.006072614310409907
0.015456012416480532 -0.004935070919647209 9.768486719849476e-05
0.0 0.0 0.0
      73 m=5.01434e-08 d=3.24119e+00
0.17191283547469222 1.1131246337194056 -0.00700439986938182
-0.016003245477099692 0.0025737892915455576 -4.113756796778673e-05
0.0 0.0 0.0
      74 m=5.01434e-08 d=3.24119e+00
-1.1145361259299766 0.21024701749179417 -0.0020471389230524925
-0.0031301404513893643 -0.015857964202140085 -2.6237339007678174e-05
0.0 0.0 0.0
      75 m=5.01434e-08 d=3.24119e+00
-1.052067229673891 -0.45784986299715685 0.0005957516143914057
0.006424715120432091 -0.014702244987165328 -7.745406050847962e-06
0.0 0.0 0.0
      76 m=5.01434e-08 d=3.24119e+00
0.5848727777663256 0.9943059146575028 -0.0017311143690891687
-0.0137959376934687 0.008151686206992102 -0.0001146537148440407
0.0 0.0 0.0
      77 m=5.01434e-08 d=3.24119e+00
0.08824724643080051 -1.157305547169683 0.002422615997018641
0.015944030002816887 0.0012420688922707042 5.88820966341829e-06
0.0 0.0 0.0
      78 m=5.01434e-08 d=3.24119e+00
0.8500104414435032 -0.8193707100321759 -0.0014598194146957294
0.010942483445832032 0.011378520793141002 3.857597054289946e-06
0.0 0.0 0.0
      79 m=5.01434e-08 d=3.24119e+00
-1.0733197475214478 -0.4906257098701545 1.3494527995486698e-06
0.0066160513477779275 -0.014411638827153005 4.99285364007432e-07
0.0 0.0 0.0
      80 m=5.01434e-08 d=3.24119e+00
0.33602825745378617 1.1428417643493898 0.002062769797015335
-0.015167659650446662 0.004332285676606812 3.2814210620310886e-05
0.0 0.0 0.0
      81 m=5.01434e-08 d=3.24119e+00
0.7198441610238823 -0.9631146951386241 -0.004471257505299711
0.012572570263382208 0.00938800082020336 4.16836980056519e-05
0.0 0.0 0.0
      82 m=5.01434e-08 d=3.24119e+00
1.2054660660254146 -0.21023549182698795 0.008733567626021036
0.002715877472115204 0.015239487913242864 -5.793152373367604e-05
0.0 0.0 0.0
      83 m=5.01434e-08 d=3.24119e+00
0.5923177349964295 1.0704064663135273 0.0020571917166754923
-0.013608625943716916 0.007517222960965097 4.028986859906059e-05
0.0 0.0 0.0
      84 m=5.01434e-08 d=3.24119e+00
0.5304283093028207 -1.104513373893128 -0.007830419892821747
0.014056325049071308 0.006729653321074034 3.0303709744764965e-06
0.0 0.0 0.0
      85 m=5.01434e-08 d=3.24119e+00
1.1925129914121955 -0.350048072043082 -0.0072422600420299675
0.004354316487587419 0.014798483262544071 2.815130893956501e-05
0.0 0.0 0.0
      86 m=5.01434e-08 d=3.24119e+00
1.2408478636951237 0.23368683673835836 -0.000559949660215963
-0.0028478622678372533 0.014975229439348592 -1.875270548991311e-05
0.0 0.0 0.0
      87 m=5.01434e-08 d=3.24119e+00
-0.6739063485928478 -1.055243909273575 -0.003996413112752267
0.012984788644200298 -0.008341808298300012 -1.522567270853273e-05
0.0 0.0 0.0
      88 m=5.01434e-08 d=3.24119e+00
1.2577505160115228 -0.1991421383313997 -0.00011324596306196209
0.0022914329753395478 0.01506183418406852 -2.745859411831592e-05
0.0 0.0 0.0
      89 m=5.01434e-08 d=3.24119e+00
0.5895456560908132 1.1442110913571775 0.00919522244528818
-0.013447049069199938 0.006937498252226884 -5.202379880887352e-05
0.0 0.0 0.0
      90 m=5.01434e-08 d=3.24119e+00
1.275084045329573 0.2412587883628171 0.0024743940371566445
-0.002760734344306788 0.014812293387948965 -9.593788143235048e-06
0.0 0.0 0.0
      91 m=5.01434e-08 d=3.24119e+00
1.0562097504504364 -0.7734233265545167 0.0074500638605927965
0.008912491692154377 0.012057830997884659 1.332057125453541e-05
0.0 0.0 0.0
      92 m=5.01434e-08 d=3.24119e+00
-0.9508745888473396 0.8960551845987624 -0.0017515440645120756
-0.010394572823803497 -0.010928110813502088 -1.489569967640014e-06
0.0 0.0 0.0
      93 m=5.01434e-08 d=3.24119e+00
0.4239683710271796 1.2532247482423955 -0.005552829414381941
-0.01416395182265445 0.004790658250374775 -6.279881939346343e-05
0.0 0.0 0.0
      94 m=5.01434e-08 d=3.24119e+00
-1.249085850711728 0.46816879243516774 0.008271061805659454
-0.005138770590475704 -0.013971321727144161 8.896957436299572e-05
0.0 0.0 0.0
      95 m=5.01434e-08 d=3.24119e+00
-1.1247387271163554 0.7358861973310461 -0.003397245343920455
-0.008126234376415024 -0.012406890963664879 1.2140743398216277e-05
0.0 0.0 0.0
      96 m=5.01434e-08 d=3.24119e+00
1.232395461028981 -0.5447620516871723 1.4509849718195064e-05
0.006087311013006488 0.01354608990485163 -4.491056954588034e-06
0.0 0.0 0.0
      97 m=5.01434e-08 d=3.24119e+00
0.7747149925303387 -1.1263649967990261 0.004178322679910729
0.01208385136721192 0.008358732194908704 -9.29010403694691e-05
0.0 0.0 0.0
      98 m=5.01434e-08 d=3.24119e+00
-0.751229695295333 1.1502137089353148 -0.0004279953642583701
-0.012287927427409345 -0.008026310279497212 -1.4851414198714183e-05
0.0 0.0 0.0
      99 m=5.01434e-08 d=3.24119e+00
-1.0889976745435572 0.8546317146522744 0.008648666212409947
-0.00902254144434383 -0.011504344464242873 -3.755896907018711e-05
0.0 0.0 0.0
     100 m=5.01434e-08 d=3.24119e+00
0.11629340526205034 1.3950203752570154 -0.00026322235801735754
-0.014456429963418262 0.0012714797934304523 0.00011638548441039221
0.0 0.0 0.0
     101 m=5.01434e-08 d=3.24119e+00
0.4916859305996607 -1.321249209755037 -4.673564727516663e-05
0.013559093626554802 0.005037877215238605 -2.7321257883953776e-05
0.0 0.0 0.0
     102 m=5.01434e-08 d=3.24119e+00
1.379109774822528 -0.35385116337689954 0.001238513794283596
0.0036203209077902655 0.013912460543847292 4.083034123664932e-05
0.0 0.0 0.0
     103 m=5.01434e-08 d=3.24119e+00
-1.4235908596386802 -0.0388348854796281 0.002803300156652465
0.0004116950054866928 -0.01442028763998931 1.7756786727378245e-06
0.0 0.0 0.0
     104 m=5.01434e-08 d=3.24119e+00
0.9965808436523073 -1.0432947392554315 0.006283364526278253
0.010314327569977567 0.009893313269019351 5.309977373318431e-05
0.0 0.0 0.0
     105 m=5.01434e-08 d=3.24119e+00
1.4447996601059434 0.1770616118092161 0.0023273178885061282
-0.001658371540738667 0.014121361935766755 8.896537150640858e-05
0.0 0.0 0.0
     106 m=5.01434e-08 d=3.24119e+00
-0.37480032949343667 1.410192205830695 0.007528901361323657
-0.013754791682562245 -0.003671387279373475 -6.449886285698736e-05
0.0 0.0 0.0
     107 m=5.01434e-08 d=3.24119e+00
-1.3385816245122437 -0.6146939928506954 -0.0037011690385653937
0.005953357861775448 -0.012841670402067795 -7.704677025322277e-05
0.0 0.0 0.0
     108 m=5.01434e-08 d=3.24119e+00
-1.296798103970975 0.7219994101476803 0.0011868914071436084
-0.006807396823314852 -0.012346349953734227 -2.208508900055688e-05
0.0 0.0 0.0
     109 m=5.01434e-08 d=3.24119e+00
-1.4672408374414185 0.2601206405659342 -0.003891295580273394
-0.0025114614394181607 -0.013868701243903945 3.4735621101799247e-06
0.0 0.0 0.0
     110 m=5.01434e-08 d=3.24119e+00
1.3482684965173544 0.6727332297689345 -0.0007974160234511394
-0.006305707163520619 0.012487135552191827 2.5831866755496102e-05
0.0 0.0 0.0
     111 m=5.01434e-08 d=3.24119e+00
-0.4389667653950607 -1.458311614780583 3.5367633185467886e-05
0.013285473296372169 -0.004054315641847932 -7.318607989586411e-06
0.0 0.0 0.0
     112 m=5.01434e-08 d=3.24119e+00
-1.3878661512656951 0.6192432448987375 -0.010125744243149134
-0.005639446712611692 -0.012780835477634912 -1.910150472021e-05
0.0 0.0 0.0
     113 m=5.01434e-08 d=3.24119e+00
-0.9509773197432115 -1.2115129207545976 -0.0027571732295919088
0.010876462195838689 -0.008548877234603047 7.412635035331952e-05
0.0 0.0 0.0
     114 m=5.01434e-08 d=3.24119e+00
-0.6716190358940127 -1.3886104997485178 -0.0004258739290024542
0.012455231480057597 -0.006086287398004904 -5.798661655327973e-05
0.0 0.0 0.0
     115 m=5.01434e-08 d=3.24119e+00
0.7762281635208522 -1.3390352256664626 -0.003272052929907428
0.01193701122454647 0.007052202285333041 9.36131043205588e-05
0.0 0.0 0.0
     116 m=5.01434e-08 d=3.24119e+00
-1.4857708819168431 0.47847458190811837 0.00023306603706239147
-0.004239468109003872 -0.013129468323903083 -1.5520716475687006e-08
0.0 0.0 0.0
     117 m=5.01434e-08 d=3.24119e+00
-1.4421354110543645 0.6170432469037999 -0.0002204864132237136
-0.005391476776666264 -0.012679139310889594 1.9267947966821652e-05
0.0 0.0 0.0
     118 m=5.01434e-08 d=3.24119e+00
-1.5972567614594053 0.11231581272386176 -0.0010694689670712547
-0.0009816306401841616 -0.013509185566268801 -2.6630577973413237e-05
0.0 0.0 0.0
     119 m=5.01434e-08 d=3.24119e+00
0.5543718209692206 -1.5141298869187998 -0.00041329985074604805
0.012685305780786416 0.004612143348472436 5.205350547705557e-05
0.0 0.0 0.0
     120 m=5.01434e-08 d=3.24119e+00
1.5871991718701168 0.2838516837716385 -0.012945724527333332
-0.002381190844460426 0.013334476451173338 1.3721714790994257e-05
0.0 0.0 0.0
     121 m=5.01434e-08 d=3.24119e+00
-1.5540621859708124 0.4630114945214122 0.007994949390525018
-0.003850803215645573 -0.012955583965598604 -7.290296954354991e-05
0.0 0.0 0.0
     122 m=5.01434e-08 d=3.24119e+00
0.7708548981180134 -1.4379399441709406 0.008087361405556959
0.011875845777085347 0.006377957114093834 3.2422034866047436e-05
0.0 0.0 0.0
     123 m=5.01434e-08 d=3.24119e+00
1.640925155391962 0.18703518564206867 0.001287745771425447
-0.001439576149724087 0.013285207708670772 4.386771930007032e-05
0.0 0.0 0.0
     124 m=5.01434e-08 d=3.24119e+00
-1.196935986081133 -1.1478558973902215 -0.005290510271776437
0.00919860733419632 -0.009680420160582058 6.540418156372781e-05
0.0 0.0 0.0
     125 m=5.01434e-08 d=3.24119e+00
-1.5578804907706771 0.6101977012305247 -0.002096014711013981
-0.0048447527225933176 -0.012366832350958118 -3.7094671753615038e-06
0.0 0.0 0.0
     126 m=5.01434e-08 d=3.24119e+00
-1.2674538070868224 -1.0851696251334149 0.011010618470111635
0.00868726427460494 -0.010154428502531497 -5.6418594575545964e-05
0.0 0.0 0.0
     127 m=5.01434e-08 d=3.24119e+00
1.5050404107260744 -0.8000504188086901 -0.0007416498702935905
0.006173720937240697 0.011584397245028601 -7.963034998231074e-06
0.0 0.0 0.0
     128 m=5.01434e-08 d=3.24119e+00
-0.480707405601575 -1.6369535790812741 0.009692799027198024
0.012619860778700327 -0.0037288128141767544 -4.979348012647238e-05
0.0 0.0 0.0
     129 m=5.01434e-08 d=3.24119e+00
0.22229045888420337 -1.7046716381972091 -0.003875269429537886
0.012993597723403355 0.0016963827180247696 7.883619156190409e-05
0.0 0.0 0.0
     130 m=5.01434e-08 d=3.24119e+00
1.7157093636633114 -0.2626403077921734 0.005058419982743107
0.0019309437538140581 0.012878645020347305 -2.000948744075891e-05
0.0 0.0 0.0
     131 m=5.01434e-08 d=3.24119e+00
-1.3274437058507005 -1.1104380975220787 -0.013435857163766673
0.008351459524168166 -0.010098237194331474 -3.5248631289423025e-05
0.0 0.0 0.0
     132 m=5.01434e-08 d=3.24119e+00
-0.5308859056341907 -1.667136191722959 0.007547239780473265
0.012369570858990866 -0.004018846665950905 6.785453575783833e-05
0.0 0.0 0.0
     133 m=5.01434e-08 d=3.24119e+00
-1.5454779174920383 -0.8105868590531287 0.0029229498105584756
0.006049735183999024 -0.01159986162531617 -5.590683001359008e-05
0.0 0.0 0.0
     134 m=5.01434e-08 d=3.24119e+00
-1.5995961512326982 -0.7572784802601807 -0.00883226863462079
0.00550743380702787 -0.01171395230156334 -3.2011917218994775e-05
0.0 0.0 0.0
     135 m=5.01434e-08 d=3.24119e+00
-1.1530143818977276 -1.3505603980561594 -0.0020223579136929857
0.009881628822706063 -0.008359553234828752 5.47062897061272e-06
0.0 0.0 0.0
     136 m=5.01434e-08 d=3.24119e+00
1.5134070278445182 -0.9761213338960993 -0.013803148307077517
0.00691873512646738 0.010774986729617218 -1.790077452166058e-05
0.0 0.0 0.0
     137 m=5.01434e-08 d=3.24119e+00
-1.601682323497151 0.8454918243051233 0.005061327957467745
-0.0060358073904463894 -0.011259193120703573 3.1235632836079324e-05
0.0 0.0 0.0
     138 m=5.01434e-08 d=3.24119e+00
1.3179441592510481 -1.2632162255768113 -0.015558612585124558
0.008753083981338308 0.009223081419399417 2.3894219105128503e-05
0.0 0.0 0.0
     139 m=5.01434e-08 d=3.24119e+00
1.2161262410657152 1.3797741799602086 0.005910103735149523
-0.009530565552379093 0.008337324802990393 -7.072007126233989e-05
0.0 0.0 0.0
     140 m=5.01434e-08 d=3.24119e+00
-1.2865906654035455 1.3239041896558503 -0.002744336178439553
-0.009052170979700683 -0.008846609370609227 -1.2552066833973515e-05
0.0 0.0 0.0
     141 m=5.01434e-08 d=3.24119e+00
1.4999419551755595 1.105992490964541 0.0016015166186635708
-0.007408339790857072 0.010165957952795087 -4.2214218452962025e-05
0.0 0.0 0.0
     142 m=5.01434e-08 d=3.24119e+00
0.3672845534302863 -1.8467051869873918 0.004013485185334914
0.012259433997800988 0.002391678265564294 7.479291170536108e-06
0.0 0.0 0.0
     143 m=5.01434e-08 d=3.24119e+00
0.46350994965268477 -1.8229168099959197 0.007831946276666456
0.012160445240032262 0.0030794479189582323 2.1875314743596396e-05
0.0 0.0 0.0
     144 m=5.01434e-08 d=3.24119e+00
1.884486245526636 -0.055340317491061886 0.001187774512043503
0.00035712068126739216 0.012550548353046006 1.0501869874135674e-05
0.0 0.0 0.0
     145 m=5.01434e-08 d=3.24119e+00
-0.4964434772595509 1.8450392751430378 0.008346699161940543
-0.012025072002833655 -0.003141727847813587 -5.7320757159512734e-05
0.0 0.0 0.0
     146 m=5.01434e-08 d=3.24119e+00
-0.2488837405176641 1.8854760996825164 -6.720216452983207e-05
-0.012416851854933346 -0.0016526780629906434 3.148987303867087e-06
0.0 0.0 0.0
     147 m=5.01434e-08 d=3.24119e+00
-1.1171325878952811 -1.5865801595679336 0.009666274826836506
0.01011237839285738 -0.007031107850294447 -6.271077579506397e-05
0.0 0.0 0.0
     148 m=5.01434e-08 d=3.24119e+00
1.9088875623923585 -0.3671988539333891 -0.0015562477380347125
0.0022440062105093623 0.012128411581811998 -8.119857417026313e-06
0.0 0.0 0.0
     149 m=5.01434e-08 d=3.24119e+00
-0.4502037166907057 -1.9056201920884204 0.008540659165676034
0.01195295343807997 -0.002831159771185137 4.361526824230566e-06
0.0 0.0 0.0
     150 m=5.01434e-08 d=3.24119e+00
-1.867342163134409 0.6505360979243734 0.007566320617338258
-0.004018377105855659 -0.011521322456176191 3.053782123113393e-05
0.0 0.0 0.0
     151 m=5.01434e-08 d=3.24119e+00
0.4976851517384111 1.9167950147887176 0.0012937793327891045
-0.011837765373466216 0.003043111064555096 1.4004562350169408e-05
0.0 0.0 0.0
     152 m=5.01434e-08 d=3.24119e+00
1.6248380829758928 -1.1507807116668793 -0.01025535533418509
0.007023707096669496 0.009968951988026812 -6.577226452533788e-05
0.0 0.0 0.0
     153 m=5.01434e-08 d=3.24119e+00
1.8081196591683784 0.8792155626689875 0.0007967118242207818
-0.005383312489594575 0.010853124615653475 -8.227838741344266e-06
0.0 0.0 0.0
    1000 m=9.55110e-04 d=1.32600e+00
-3.9221051541650103 3.615076175903113 -0.005799421994959031
-0.00521031798875617 -0.005195858472560751 -4.601181812421322e-05
0.0 0.0 0.0
    1001 m=2.85730e-04 d=6.87000e-01
-7.966838880651688 -5.799353977407862 0.15319269778096606
0.0029620957515577194 -0.0045172613406566356 6.08235514644637e-06
0.0 0.0 0.0
