)O+_05 Big-body initial data  (WARNING: Do not delete this line!!)
) Lines beginning with `)' are ignored.
)---------------------------------------------------------------------
 style (Cartesian, Asteroidal, Cometary) =  Cartesian
 epoch (in days) =  0.0
)---------------------------------------------------------------------
       1 m=5.67751e-09 d=3.11558e+00
0.30994212152146483 -0.06285591655487713 -5.6131525581847204e-05
0.0056518929710472985 0.03015010920768014 -0.001675798865929186
0.0 0.0 0.0
       2 m=1.65270e-08 d=3.15530e+00
0.3196620300591173 -0.11189088349522236 0.007114996780399174
0.009793609070452607 0.0286073484590675 0.00011893181804120726
0.0 0.0 0.0
       3 m=2.64415e-08 d=3.18360e+00
0.14903538689684792 -0.380543481055593 0.018996676248241008
0.02437755193775199 0.009509134496132346 -0.0005117989789650611
0.0 0.0 0.0
       4 m=3.55846e-08 d=3.20883e+00
0.354211427119419 -0.16259710564843266 0.0020472638319075894
0.010079279261461196 0.02666199513358582 0.00018125477756744646
0.0 0.0 0.0
       5 m=4.41071e-08 d=3.22908e+00
0.3771761320551602 0.22109468371664312 0.0036492058453306184
-0.014935868108436882 0.02164105410262309 -0.0011108225883575814
0.0 0.0 0.0
       6 m=5.21191e-08 d=3.24483e+00
0.3543427688978998 0.3151627220867187 0.0016502879392661365
-0.016615556560311825 0.018645522889063 -0.0008065342728337044
0.0 0.0 0.0
       7 m=5.97022e-08 d=3.25765e+00
0.4928612705782729 -0.07675779283105255 -0.03413403133854694
0.0036657194054618755 0.024022196637221695 -0.0011370075889656046
0.0 0.0 0.0
       8 m=6.69185e-08 d=3.27294e+00
-0.37739113302212635 0.31694488168711105 0.00024850232837070416
-0.017583685214540918 -0.018081939395799336 0.00031821250363297637
0.0 0.0 0.0
       9 m=7.38165e-08 d=3.28630e+00
-0.4648727293561584 -0.35101899801454817 0.04468211738859401
0.01357108020374605 -0.016970293547496986 0.00021450906204621733
0.0 0.0 0.0
      10 m=8.04348e-08 d=3.29799e+00
-0.5295104680912155 0.009245999959710871 -0.036881789581530496
0.0014106313226377402 -0.02434823905076751 -0.0004870253605683256
0.0 0.0 0.0
      11 m=8.68049e-08 d=3.30837e+00
0.03232885626265619 -0.6205267819085128 0.0030256200682146827
0.021213642631866442 0.0012011611536410483 -4.8379980546279906e-05
0.0 0.0 0.0
      12 m=9.29529e-08 d=3.31769e+00
-0.1700978605987545 -0.6135977228714407 0.02328248856597773
0.02033278131448506 -0.005522833793155551 -0.0009014449041919557
0.0 0.0 0.0
      13 m=9.89004e-08 d=3.32613e+00
0.3401539793938182 0.4900522167293824 -0.004056254505333808
-0.01945509765690605 0.011996379452011902 -0.0009127788233718567
0.0 0.0 0.0
      14 m=1.04666e-07 d=3.33385e+00
0.6521165798789069 0.1388804567547655 0.025254073701037223
-0.004471231297496775 0.020299913899501497 -8.25830988197616e-05
0.0 0.0 0.0
      15 m=1.10265e-07 d=3.34305e+00
-0.07081869458166745 0.6783224541017852 0.026944138340671185
-0.02055914084735041 -0.0014825814966943768 -0.00020488528487330325
0.0 0.0 0.0
      16 m=1.15712e-07 d=3.35173e+00
0.3170314889399184 0.6286347474176548 -0.011819276912498592
-0.018427891453540422 0.00837451038463671 0.0005635047599282403
0.0 0.0 0.0
      17 m=1.18126e-07 d=3.35545e+00
-0.7042001690758807 -0.188405162554118 -0.03688761973907501
0.0038938419364664594 -0.019343984456435415 -0.0013742827847190741
0.0 0.0 0.0
      18 m=1.13898e-07 d=3.34889e+00
0.41220728757584235 -0.572802930478972 -0.007680004314839706
0.016905904087919577 0.011968595442649886 8.154242744865225e-05
0.0 0.0 0.0
      19 m=1.10011e-07 d=3.34264e+00
-0.3270601559983147 0.6076482572289842 0.006183848564135527
-0.019315961598804308 -0.009154406916772759 -0.0007302459375251623
0.0 0.0 0.0
      20 m=1.06420e-07 d=3.33666e+00
-0.7139559956358538 0.16799654099141692 -0.007444311629344964
-0.0035562447944712866 -0.020003822860585958 0.0016338837320297884
0.0 0.0 0.0
      21 m=1.03091e-07 d=3.33178e+00
-0.49527169228162304 0.6642513528748171 -0.015108755866982303
-0.014480234268103001 -0.011013407057991798 9.031766019538181e-06
0.0 0.0 0.0
      22 m=9.99948e-08 d=3.32763e+00
0.6546037359147763 0.401523560446795 0.05719898347078933
-0.009134727025754175 0.017595549123121085 0.00013890611925832018
0.0 0.0 0.0
      23 m=9.71077e-08 d=3.32364e+00
0.6790540898469591 0.43308864980362066 0.02033115841449517
-0.010322045047933272 0.01611318302551498 0.0004363235838663641
0.0 0.0 0.0
      24 m=9.44078e-08 d=3.31980e+00
0.6091528899823264 -0.518372199349467 0.01512065801087794
0.012828603339907024 0.014586278786322345 -0.0010444829107317901
0.0 0.0 0.0
      25 m=9.18769e-08 d=3.31610e+00
-0.25855095324707833 0.7940895586408314 0.011378722274301376
-0.017938112799681317 -0.005653376432225802 2.3909896167484735e-05
0.0 0.0 0.0
      26 m=8.94988e-08 d=3.31253e+00
-0.6236828017462972 0.5840069593758074 -0.0004757951618608097
-0.013664886881806585 -0.012532457183055568 0.00038615151095084706
0.0 0.0 0.0
      27 m=8.72596e-08 d=3.30908e+00
0.09733843325375427 -0.8422580156318031 0.0470264335291697
0.018677898502566122 0.002196195343624516 0.000620124142926151
0.0 0.0 0.0
      28 m=8.51469e-08 d=3.30574e+00
-0.14101670818284534 -0.8525430789750452 0.06529470356041805
0.018518330765201506 -0.0016366184397787788 -9.565055825383497e-05
0.0 0.0 0.0
      29 m=8.31498e-08 d=3.30251e+00
0.8219177071829562 0.41403592497313113 0.010781988951376997
-0.009123404491785326 0.015088735680723997 0.0003092658083688917
0.0 0.0 0.0
      30 m=8.12587e-08 d=3.29938e+00
-0.2908650948384497 -0.9173199614482329 0.05961321171555368
0.016113741399863334 -0.005201899160098291 -0.0003643714528020752
0.0 0.0 0.0
      31 m=7.94651e-08 d=3.29634e+00
0.5190456468218618 -0.7846815442255475 0.0016743847462661436
0.014970496352697217 0.009066817523158313 0.0007686343888221088
0.0 0.0 0.0
      32 m=7.77611e-08 d=3.29339e+00
-0.8490841017621964 0.20964567296204722 0.05397543065242699
-0.003125645167412032 -0.018643712241090224 0.0007295342839690381
0.0 0.0 0.0
      33 m=7.61401e-08 d=3.29052e+00
-0.16566952893261172 0.9048253728257389 0.023032263641403376
-0.017766975536766046 -0.0037691128152583173 0.0004657550861873315
0.0 0.0 0.0
      34 m=7.45958e-08 d=3.28773e+00
0.2982402536333296 0.8580815957197577 -0.018423426119387378
-0.017507835778474375 0.005942718226445286 0.000813390034995117
0.0 0.0 0.0
      35 m=7.31226e-08 d=3.28501e+00
0.13975427628150736 0.9182147148015897 -0.05831381106977034
-0.01800943532006677 0.002613362045354167 -0.00012491076862345307
0.0 0.0 0.0
      36 m=7.17156e-08 d=3.28237e+00
-0.28082338818032987 -0.9418282528627199 0.01519495005312108
0.016580789257638864 -0.005053336478067444 -0.0008992441150212532
0.0 0.0 0.0
      37 m=7.03702e-08 d=3.27979e+00
0.972868986062064 -0.2791541544301348 0.06888994943377529
0.004663673160465844 0.016262963267706484 -0.0002891581496822085
0.0 0.0 0.0
      38 m=6.90823e-08 d=3.27727e+00
-0.5296078609686552 0.8476555784042432 -0.03886571377830401
-0.014676306893967487 -0.009034616830610789 -0.00110613112640313
0.0 0.0 0.0
      39 m=6.78480e-08 d=3.27482e+00
-0.3503183498173378 0.9143076843547614 -0.006943664609559341
-0.016063655335289063 -0.007501004746870386 0.00044438924657063555
0.0 0.0 0.0
      40 m=6.66640e-08 d=3.27242e+00
-0.16433458566043463 1.026719392907178 -0.002155726427200963
-0.016540791477705506 -0.003005605289828941 5.933381743851062e-05
0.0 0.0 0.0
      41 m=6.55271e-08 d=3.27008e+00
-0.7428515592553501 -0.6926514349789691 0.00027323193629210757
0.011763057675441137 -0.012690418489954267 4.736477218097255e-06
0.0 0.0 0.0
      42 m=6.44345e-08 d=3.26779e+00
0.4278272213270806 -0.9475366745153383 0.012021805315895709
0.015254609724588444 0.007507848408436562 -0.00017406306224231839
0.0 0.0 0.0
      43 m=6.33834e-08 d=3.26555e+00
-0.5026196652296762 -0.9231264180426138 0.058131548963761236
0.014029747669126328 -0.009343796300005671 0.0009980910573664907
0.0 0.0 0.0
      44 m=6.23715e-08 d=3.26336e+00
0.9296404866540736 -0.4917493083213863 0.012935595537929914
0.008949908254188153 0.01443905041287858 -4.52040401724642e-05
0.0 0.0 0.0
      45 m=6.13965e-08 d=3.26121e+00
0.8161545427725027 -0.7224147105143176 -0.02317669086317613
0.01095571855346101 0.012275637619387578 0.0009484751968597489
0.0 0.0 0.0
      46 m=6.04564e-08 d=3.25911e+00
0.4837086695183115 1.0166930878083378 -0.051190281243247364
-0.014415673820532602 0.006974507345220033 -0.0004297300457597945
0.0 0.0 0.0
      47 m=5.95491e-08 d=3.25741e+00
1.0840498903495148 -0.10423334918559618 0.07401958269490395
0.001916007710056517 0.016490644870923075 0.0008920567222069256
0.0 0.0 0.0
      48 m=5.86730e-08 d=3.25601e+00
0.8785291608670078 0.7928948278417535 0.05219871449985101
-0.01068908511903878 0.011053788675948778 -7.740272339974496e-05
0.0 0.0 0.0
      49 m=5.78264e-08 d=3.25464e+00
-0.20776352914754187 -1.1140007216886754 0.05176333356751522
0.015881488976433464 -0.002969428529252441 0.0002228827989842439
0.0 0.0 0.0
      50 m=5.70078e-08 d=3.25329e+00
-1.0897040602301 -0.09004273017489756 0.038418934092909654
0.0003889494417819231 -0.016795285324557676 0.0007331443214985222
0.0 0.0 0.0
      51 m=5.62157e-08 d=3.25197e+00
-0.7499906197228163 -0.8108262208618404 0.03650818887996525
0.011877927961323732 -0.011739019766730021 0.00094177576806549
0.0 0.0 0.0
      52 m=5.54489e-08 d=3.25068e+00
-0.14535462823843187 1.0808710455301118 -0.04718669490032879
-0.01690809712633823 -0.0013817592764908994 0.0009644723338744757
0.0 0.0 0.0
      53 m=5.47060e-08 d=3.24940e+00
-0.38202375077298156 1.0402249251813485 0.011910294459374447
-0.016153617381707203 -0.004679731632914874 -0.00017968438809845495
0.0 0.0 0.0
      54 m=5.39859e-08 d=3.24815e+00
-0.5852870653324951 -1.0835340037493177 0.009065934897886655
0.012794694156069403 -0.008239400426387211 0.0001168246178503859
0.0 0.0 0.0
      55 m=5.32875e-08 d=3.24692e+00
-0.2836674302789085 -1.162871637410864 0.04940006109863447
0.015278681360573405 -0.0036982703891552636 0.0003162232636317086
0.0 0.0 0.0
      56 m=5.26099e-08 d=3.24572e+00
-0.5369594943828097 -1.034547041968048 0.0018469369788975663
0.014379331392308205 -0.007501697837300123 1.1734469139574671e-05
0.0 0.0 0.0
      57 m=5.19521e-08 d=3.24453e+00
-1.2355976731790461 0.05213596746359089 0.011104757589811623
-0.0016186584381743573 -0.015268699220878505 0.00034826389479082506
0.0 0.0 0.0
      58 m=5.13131e-08 d=3.24336e+00
0.7085546367367486 -0.9169397344972092 -0.020080359364139717
0.013075466071506581 0.00989978289501527 -0.0010023712120583357
0.0 0.0 0.0
      59 m=5.06921e-08 d=3.24221e+00
-0.8686509417208987 0.8778003798073244 -0.02349141601351316
-0.011163063634168524 -0.01076149619275157 4.144358847459222e-05
0.0 0.0 0.0
      60 m=5.00885e-08 d=3.24108e+00
0.9178061257955705 -0.8152981721449118 -0.008930558329210855
0.010542560210211738 0.011576514265591833 0.00030323796744270156
0.0 0.0 0.0
      61 m=4.95013e-08 d=3.23997e+00
1.1682343751498194 -0.4761778872559651 0.08890443796541397
0.005694242642932288 0.01414981617049918 -0.0005960522423105262
0.0 0.0 0.0
      62 m=4.89300e-08 d=3.23887e+00
0.8543607951189067 0.9101908471774249 -0.006662619325504169
-0.012145704768622015 0.009635128102108037 0.0007549430404957669
0.0 0.0 0.0
      63 m=4.83738e-08 d=3.23780e+00
0.36974201765809206 1.1411436883512143 0.014600685896070576
-0.015218704291655605 0.0054835543342133435 -0.0005227533390854559
0.0 0.0 0.0
      64 m=4.78321e-08 d=3.23673e+00
-0.6685360070828922 -1.0878371484113833 -0.0682798368488875
0.012742810109159671 -0.00836818143960379 -0.0008860122143884072
0.0 0.0 0.0
      65 m=4.73044e-08 d=3.23569e+00
1.1617068185670059 -0.6848372213559939 0.0590747250900405
0.00821168714445742 0.011943540475786276 0.0006329296259245952
0.0 0.0 0.0
      66 m=4.67900e-08 d=3.23466e+00
1.0484352611403667 -0.7705598980314484 -0.01370994078703091
0.008865863171012678 0.012193999026947944 -0.001104705486020129
0.0 0.0 0.0
      67 m=4.62886e-08 d=3.23364e+00
-0.5552911696810949 -1.231820302185013 0.005269048565296256
0.013351929748063094 -0.00589688244468812 -0.0005135627809863931
0.0 0.0 0.0
      68 m=4.57995e-08 d=3.23264e+00
-0.7426935048211751 -1.196232939837084 -0.11990290704808458
0.011878855024695722 -0.007386898174374084 0.0001704588708584917
0.0 0.0 0.0
      69 m=4.53223e-08 d=3.23165e+00
1.2224772463455416 -0.4756418462741594 -0.0011835736621180898
0.005388752070342744 0.014123472387060099 0.0010547220966638992
0.0 0.0 0.0
      70 m=4.48565e-08 d=3.23067e+00
-0.37033431176413323 -1.297011050345152 0.06212009282895307
0.014161141276886656 -0.004086611456891754 -0.0010163473297834242
0.0 0.0 0.0
      71 m=4.44017e-08 d=3.22971e+00
-1.3563072800849967 0.271489516045754 -0.08749070762389591
-0.0017398127077425337 -0.014330886444365426 0.0002639027293043247
0.0 0.0 0.0
      72 m=4.39576e-08 d=3.22876e+00
1.2494087307144561 -0.314757421495527 -0.0365551970813406
0.002922886565707475 0.015280707236290087 0.00015930865984407398
0.0 0.0 0.0
      73 m=4.35237e-08 d=3.22783e+00
0.30433705514236753 1.3991578120672867 -0.003667469901612754
-0.013750617508726951 0.00293138378988631 1.4583438225167799e-05
0.0 0.0 0.0
      74 m=4.30996e-08 d=3.22690e+00
-1.1571461548375004 -0.7286480969788679 0.0925572734977473
0.007646508514419596 -0.012609207837897641 -0.00031773879194242464
0.0 0.0 0.0
      75 m=4.26851e-08 d=3.22599e+00
1.3617870295736605 0.18895554204769832 0.016747024219448098
-0.0020456399740259893 0.01460768327806789 -1.5044639609077599e-05
0.0 0.0 0.0
      76 m=4.22798e-08 d=3.22509e+00
-1.2088740683578223 0.5346747354088794 -0.11349486885490068
-0.0064084912741076555 -0.013908027007606679 -0.0002580561243483759
0.0 0.0 0.0
      77 m=4.18833e-08 d=3.22420e+00
0.1853418658567455 -1.3352639929928196 0.029878390129257165
0.014884670017906757 0.002672691503309949 0.00013624640058208697
0.0 0.0 0.0
      78 m=4.14954e-08 d=3.22332e+00
0.9767353574625586 -1.1774312736330708 -0.004433681607256278
0.010417785799365906 0.008332193298659273 7.977311543709448e-05
0.0 0.0 0.0
      79 m=4.11158e-08 d=3.22246e+00
-0.3406574350724423 1.2821356366266887 -0.08286765118225631
-0.01460329096337242 -0.004898876270287594 0.0006109087823586612
0.0 0.0 0.0
      80 m=4.07441e-08 d=3.22160e+00
-0.7905676416916719 -1.0339292515511294 -0.019314522403516332
0.012741991514487329 -0.009245333690642555 0.0006786595039666236
0.0 0.0 0.0
      81 m=4.03803e-08 d=3.22075e+00
-1.5249263551619276 -0.1540788405338016 0.06989227273638929
0.0008722626415982272 -0.01341033706408489 1.7560561745041177e-05
0.0 0.0 0.0
      82 m=4.00239e-08 d=3.21992e+00
-1.2608458693956512 -0.9161249141345835 0.02810237562713099
0.007545920825979464 -0.010872086502947343 0.0007752702959274915
0.0 0.0 0.0
      83 m=3.96748e-08 d=3.21909e+00
0.4088958181969745 1.3618904590974399 -0.07105379030380636
-0.014012819510038532 0.004056604525615526 0.0003656226451608138
0.0 0.0 0.0
      84 m=3.93327e-08 d=3.21827e+00
1.1719187514236042 -0.9469386753072926 -0.01722003110805997
0.008823906060417589 0.010643068154928912 0.0002581878021124342
0.0 0.0 0.0
      85 m=3.89974e-08 d=3.21747e+00
-0.19095876990061045 1.4162105968954424 -0.006488502656122129
-0.014421810312828041 -0.002356432951562349 0.00041826838161799845
0.0 0.0 0.0
      86 m=3.86687e-08 d=3.21667e+00
0.6024589200179076 1.326898796662951 0.05293097793547785
-0.013291861878580249 0.005402908991409993 0.0008313061126479372
0.0 0.0 0.0
      87 m=3.83463e-08 d=3.21588e+00
-1.4509081799029582 -0.20401634362080312 -0.11938954305295767
0.0017589690898558753 -0.014183857827766013 0.0003575633844188437
0.0 0.0 0.0
      88 m=3.80302e-08 d=3.21510e+00
0.5094512718334858 1.3175211215540827 -0.009333588479166153
-0.013465889727417706 0.006361822672453646 0.0002362209766186342
0.0 0.0 0.0
      89 m=3.77201e-08 d=3.21432e+00
-1.6337854559136509 -0.20482538938946993 0.013586247810902757
0.0012260898208397496 -0.01272334078170039 6.773573647516365e-05
0.0 0.0 0.0
      90 m=3.74159e-08 d=3.21356e+00
1.3687718831532631 -0.5886462957991562 0.00934332546096973
0.005322994469442174 0.013185322388760228 -0.00019882745225174617
0.0 0.0 0.0
      91 m=3.71173e-08 d=3.21280e+00
0.20015618142879205 -1.4722777873407353 0.02493552274659055
0.014244082363487322 0.0007341242825678121 0.000946544667876248
0.0 0.0 0.0
      92 m=3.68242e-08 d=3.21206e+00
0.4971280530029284 1.452525744449359 0.03945380895165408
-0.01304455185481186 0.004715847693276084 0.0002413301369753402
0.0 0.0 0.0
      93 m=3.65364e-08 d=3.21132e+00
-0.3410372854738791 -1.521735062822118 0.029383423376617316
0.013294808285860835 -0.0032810762736443606 -0.00012059300382281454
0.0 0.0 0.0
      94 m=3.62539e-08 d=3.21058e+00
-1.0909282523826502 -1.2286144709793174 0.0724701426971037
0.010353573889731618 -0.007841608596267811 0.0005004675349744983
0.0 0.0 0.0
      95 m=3.59764e-08 d=3.20986e+00
0.332012614457009 1.467977368231277 -0.06044684859786082
-0.013622804789385354 0.004169448181887468 8.602175649553064e-05
0.0 0.0 0.0
      96 m=3.57038e-08 d=3.20914e+00
-1.0256905800467255 -1.1618812213559866 0.03183287012470558
0.0106162645942906 -0.008928867120210788 0.0006135150312888444
0.0 0.0 0.0
      97 m=3.54359e-08 d=3.20843e+00
1.3181771634189876 0.9331920217571806 0.005460953686637134
-0.00713095517607479 0.011287724860156417 -0.0003822414431317551
0.0 0.0 0.0
      98 m=3.51727e-08 d=3.20773e+00
1.2360389578685755 0.9557460620043351 0.00919987349175476
-0.008296835753726332 0.011062127547158119 -0.0006851722979215306
0.0 0.0 0.0
      99 m=3.49141e-08 d=3.20703e+00
-1.3663375990476767 0.6758954445778176 -0.05733098317898703
-0.006277959428745915 -0.01270706176017951 0.000952386687713213
0.0 0.0 0.0
     100 m=3.46598e-08 d=3.20634e+00
-1.1392064761007248 -1.0385256975546666 0.031870453456844854
0.009492679776729714 -0.010413364436162418 0.00012395463618200596
0.0 0.0 0.0
     101 m=3.44098e-08 d=3.20566e+00
0.6075697252809785 -1.5098645117005978 0.0933171830060063
0.012450203044505576 0.004861828573594799 0.00011472125303279776
0.0 0.0 0.0
     102 m=3.41640e-08 d=3.20498e+00
-1.6744956881433068 -0.36111420769793545 -0.029132075853623478
0.002575755822259727 -0.012460856998055258 0.0001814163097990137
0.0 0.0 0.0
     103 m=3.39222e-08 d=3.20431e+00
0.5403638536366936 1.5230610094727608 0.08525445712750442
-0.012754056085997872 0.004507526060048672 0.0002887582468207361
0.0 0.0 0.0
     104 m=3.36844e-08 d=3.20365e+00
-1.4677589144279286 0.9469231195516813 -0.0031932277612755494
-0.007178248949433424 -0.010216377427353795 0.0010681691556023371
0.0 0.0 0.0
     105 m=3.34504e-08 d=3.20299e+00
-1.4886454568725038 0.20594453725969797 0.033054382998921356
-0.0027171872284169436 -0.014330454224423014 0.00017524379173453622
0.0 0.0 0.0
     106 m=3.32202e-08 d=3.20234e+00
0.7879464610571124 1.4400683454555705 0.07528600769377124
-0.011767091193215149 0.006446462440839615 0.00015374285792831783
0.0 0.0 0.0
     107 m=3.29937e-08 d=3.20169e+00
1.5251131011520498 0.002977982284645797 -0.0064301046167896244
5.786357203958325e-05 0.01444672930537603 -0.0002252618597211582
0.0 0.0 0.0
     108 m=3.27707e-08 d=3.20105e+00
-1.0110673275298858 1.3000893499018118 0.0013137257911578271
-0.009834769344040829 -0.009172895283097808 -4.454528143388611e-06
0.0 0.0 0.0
     109 m=3.25512e-08 d=3.20042e+00
0.9384927028001729 -1.4487159498828852 -0.056248406393988266
0.011203056042057158 0.006280318714048572 0.00021893326703608664
0.0 0.0 0.0
     110 m=3.23351e-08 d=3.19979e+00
-0.5819520497571863 -1.631361138627276 0.0039021946304870474
0.012426869607289795 -0.0032199832810752595 -2.1146718775510394e-05
0.0 0.0 0.0
     111 m=3.21224e-08 d=3.19917e+00
-0.7723674060082071 -1.4787560804193243 -0.0002843662436142817
0.011987911807982903 -0.005909144311688395 2.1376654205553066e-06
0.0 0.0 0.0
     112 m=3.19128e-08 d=3.19855e+00
-0.2775330973874775 -1.665625693746907 -0.017738064904395327
0.01289247496338061 -0.002982351909167132 7.429224952411697e-05
0.0 0.0 0.0
     113 m=3.17065e-08 d=3.19794e+00
1.635609484804398 0.6113687023095118 0.01108849279835207
-0.003961734516996385 0.012163604484983723 -0.0008281028710119271
0.0 0.0 0.0
     114 m=3.15032e-08 d=3.19733e+00
-0.9218086624317211 -1.3819305884258273 -0.09024893525431756
0.01068994537599769 -0.008212719137380786 0.0004209716658131041
0.0 0.0 0.0
     115 m=3.13029e-08 d=3.19673e+00
-1.5294959830032795 1.0642727713872633 0.0390858519157575
-0.00673487317411903 -0.009935630164798856 0.0006014815949301938
0.0 0.0 0.0
     116 m=3.11056e-08 d=3.19613e+00
0.6545365130411626 -1.5540485592249471 0.001704820852096763
0.012281910047624802 0.005266700499993869 6.721098690849616e-05
0.0 0.0 0.0
     117 m=3.09112e-08 d=3.19554e+00
-1.7639037848790302 -0.448577035347386 0.10137431653265987
0.00386999182463261 -0.011733973793105467 -0.0005853773654427267
0.0 0.0 0.0
     118 m=3.07195e-08 d=3.19495e+00
0.876165504950327 -1.4650565506780602 0.07059770527711592
0.011492457472659534 0.006585227278766939 -6.076374783945028e-05
0.0 0.0 0.0
     119 m=3.05306e-08 d=3.19437e+00
1.064959665763413 1.361049433161572 0.0013471498396869543
-0.010498801606396635 0.007849625037383842 0.0006044893804801075
0.0 0.0 0.0
     120 m=3.03445e-08 d=3.19380e+00
1.1922534590810385 -1.3076470078192444 0.041767354201433377
0.009421455970810386 0.00867788422353988 -0.000851422948325948
0.0 0.0 0.0
     121 m=3.01609e-08 d=3.19322e+00
1.3600660985628041 -1.1164464302640216 -0.04461136164398735
0.008211589507887999 0.009994387713385402 -0.00020116933920203935
0.0 0.0 0.0
     122 m=2.99799e-08 d=3.19269e+00
0.5599336081669102 -1.6683112009575023 -0.1332985675017835
0.011956330202679699 0.004897654877251709 -0.0004594108305578951
0.0 0.0 0.0
     123 m=2.98014e-08 d=3.19224e+00
-0.8409083428645202 1.5461287960883592 -0.04293865236417066
-0.011231737424363078 -0.006466169347831013 -0.0008192646102213291
0.0 0.0 0.0
     124 m=2.96254e-08 d=3.19181e+00
-0.44783716129902407 -1.6921522423531323 -0.035096506658019326
0.012687897690894043 -0.003190149851966163 0.00010706445023864093
0.0 0.0 0.0
     125 m=2.94518e-08 d=3.19137e+00
-1.7862197695870932 -0.11357948054685524 -0.13356767816383944
0.00025766634771403826 -0.01278276702477843 0.00025176326126648095
0.0 0.0 0.0
     126 m=2.92805e-08 d=3.19094e+00
-1.6748455143388916 -0.12235465922245825 -0.1282045911599754
0.0006376195812223297 -0.01361698245875773 2.816889387202828e-05
0.0 0.0 0.0
     127 m=2.91116e-08 d=3.19051e+00
1.292573052181408 1.2778088358099184 0.05024750801415179
-0.009295650340990587 0.008562910435905312 -0.0009084515157560002
0.0 0.0 0.0
     128 m=2.89449e-08 d=3.19009e+00
-1.5032499668352528 -0.9510314498045289 -0.015548929136335541
0.007313839731758845 -0.01071846839083447 0.00011391658244156396
0.0 0.0 0.0
     129 m=2.87804e-08 d=3.18966e+00
0.6267314878782134 1.5833043303763206 0.07696086303493391
-0.01266234707242879 0.004773526312383763 -0.0006308539307522945
0.0 0.0 0.0
     130 m=2.86181e-08 d=3.18924e+00
-1.7038670466520327 -0.24779333967863482 -0.09788347347860286
0.002799681727394963 -0.01311933398713809 0.0003927404358372795
0.0 0.0 0.0
     131 m=2.84579e-08 d=3.18883e+00
-0.9529105079269927 1.4133489036704239 -0.053009792381443176
-0.01154883182575281 -0.007115864400017846 0.000751216955599921
0.0 0.0 0.0
     132 m=2.82998e-08 d=3.18842e+00
-1.0235219982372379 -1.4965252390378823 0.03358338374489866
0.011228766454293689 -0.006195225061220078 -0.00022342550871349117
0.0 0.0 0.0
     133 m=2.81437e-08 d=3.18801e+00
-1.4675707406426806 0.8244173869192205 0.07586718483433229
-0.0067804987649272945 -0.011983700028541338 0.0006276793340029904
0.0 0.0 0.0
     134 m=2.79896e-08 d=3.18760e+00
-0.6224190259200489 -1.7310499159519064 -0.015834872222544764
0.011799023990713376 -0.004671018196525268 -9.498544879631311e-05
0.0 0.0 0.0
     135 m=2.78374e-08 d=3.18720e+00
-1.8739080686088396 -0.48499828320550786 0.015122657278280265
0.0020998223464646147 -0.01185294365387038 -0.0008687429879228435
0.0 0.0 0.0
     136 m=2.76872e-08 d=3.18680e+00
1.8177168074386139 0.6506560894696283 -0.08282294924839884
-0.004869548127311014 0.011091990976350632 -7.996788843518004e-05
0.0 0.0 0.0
     137 m=2.75389e-08 d=3.18640e+00
0.03880578340347114 -1.856457816651265 -0.033296943041211544
0.012634062585737281 -0.00031834593262976686 0.00011693077617673425
0.0 0.0 0.0
     138 m=2.73924e-08 d=3.18600e+00
1.3819127379367406 1.3455539179052483 0.09519977047009082
-0.00824837112674944 0.0089168905299041 -0.0007390363665598742
0.0 0.0 0.0
     139 m=2.72477e-08 d=3.18561e+00
1.9302439983911621 0.0075821999932652595 -0.0025570035978305008
-0.0009123595538078613 0.012163737664518809 -1.6271524465309803e-06
0.0 0.0 0.0
     140 m=2.71047e-08 d=3.18522e+00
-0.5537434784770515 1.894862617339529 -0.0929593396756267
-0.011624896189282778 -0.00265275264619207 0.00015098065879175584
0.0 0.0 0.0
     141 m=2.69635e-08 d=3.18486e+00
-0.9480884248447403 -1.599813469529392 -0.0005575380026750232
0.011025472067282877 -0.006260731896336833 -0.0008790938628083376
0.0 0.0 0.0
     142 m=2.68241e-08 d=3.18452e+00
-1.4542046154835566 1.446260184208412 -0.09536659338043407
-0.00806825441099349 -0.008165827877710615 -0.0005460548872924096
0.0 0.0 0.0
     143 m=2.66863e-08 d=3.18419e+00
1.8397737810278914 0.7051620948747186 0.022766585629887735
-0.004918633347550851 0.010978219182201564 -4.007493700386112e-05
0.0 0.0 0.0
     144 m=2.65501e-08 d=3.18386e+00
-1.6230146704150155 0.9825448705368454 -0.10244947115938266
-0.006390467621762926 -0.010743319524557333 -0.0003425925557611955
0.0 0.0 0.0
     145 m=2.64155e-08 d=3.18353e+00
0.7843358692358833 -1.8532057515121352 -0.12539536718977873
0.010927920857836282 0.004389036909064224 -0.0005088501691463393
0.0 0.0 0.0
     146 m=2.62825e-08 d=3.18321e+00
1.7943269168233382 -0.6213828545426665 0.035196110508102646
0.004930119899863825 0.011539552769833702 -0.0002910345633672355
0.0 0.0 0.0
     147 m=2.61511e-08 d=3.18288e+00
0.37802621425324756 -1.8484974792834823 -0.03241206920617344
0.012335685118780748 0.002809420894142077 0.00011553663422554902
0.0 0.0 0.0
     148 m=2.60212e-08 d=3.18256e+00
-1.439255691771151 -1.2446626582787137 0.012755329106288644
0.008174939262978118 -0.009541997959314524 -0.00031550966150154295
0.0 0.0 0.0
     149 m=2.58928e-08 d=3.18225e+00
0.34644561282936803 -1.9987610891974885 0.0812564957240292
0.011532247605788646 0.0024057762510668644 -0.0004389316595320257
0.0 0.0 0.0
     150 m=2.57658e-08 d=3.18193e+00
1.7780937046184937 -0.7197596968824211 -0.039393305000376896
0.0053739938124598 0.011293043084977628 -7.911791456799243e-05
0.0 0.0 0.0
     151 m=2.56403e-08 d=3.18161e+00
1.3090584667354532 -1.4522832205617455 -0.023202151596912024
0.009145456739693499 0.008214266741300493 -0.00011802964079657627
0.0 0.0 0.0
     152 m=2.55163e-08 d=3.18130e+00
-0.403166269783318 1.7572249847356485 -0.028222868571477988
-0.01301254890838552 -0.002739057317482707 0.0005834974850165194
0.0 0.0 0.0
     153 m=2.53936e-08 d=3.18099e+00
-1.9916215300349835 0.04211291119059557 0.12205080562172031
-0.00012857248589243173 -0.012079940843214364 -0.00014651941887607137
0.0 0.0 0.0
     154 m=2.52723e-08 d=3.18068e+00
1.6844645748561113 -0.7939508563113102 -0.03415764137577296
0.005431645107416723 0.011727567576140062 0.0007911963458194483
0.0 0.0 0.0
     155 m=2.51523e-08 d=3.18037e+00
0.5017706943114209 1.9021988884465404 0.026692964778853752
-0.011933734720410365 0.002895258823402023 0.000628915375135848
0.0 0.0 0.0
     156 m=2.50336e-08 d=3.18007e+00
0.5932445953242296 -1.7431653158068205 -0.09023270002014462
0.01203858223234113 0.005117007554414405 -0.0008754182512143426
0.0 0.0 0.0
     157 m=2.49163e-08 d=3.17977e+00
1.2961486526487414 -1.509893331668523 0.04657117799388277
0.00923972769107243 0.00790494975791956 -0.0008889257062721887
0.0 0.0 0.0
     158 m=2.48002e-08 d=3.17947e+00
1.5436224249487684 -0.9586339794758125 -0.04659534559886432
0.007208974289869502 0.011194079521665682 -0.00031914050505333345
0.0 0.0 0.0
     159 m=2.46853e-08 d=3.17917e+00
1.9696266652594394 0.49517726542224116 -0.07922338235974097
-0.003525804256296739 0.011442980801192158 -0.00023213073538709097
0.0 0.0 0.0
    1000 m=9.55110e-04 d=1.32600e+00
-3.9221051541650103 3.615076175903113 -0.005799421994959031
-0.00521031798875617 -0.005195858472560751 -4.601181812421322e-05
0.0 0.0 0.0
    1001 m=2.85730e-04 d=6.87000e-01
-7.966838880651688 -5.799353977407862 0.15319269778096606
0.0029620957515577194 -0.0045172613406566356 6.08235514644637e-06
0.0 0.0 0.0
