)O+_05 Big-body initial data  (WARNING: Do not delete this line!!)
) Lines beginning with `)' are ignored.
)---------------------------------------------------------------------
 style (Cartesian, Asteroidal, Cometary) =  Cartesian
 epoch (in days) =  0.0
)---------------------------------------------------------------------
       1 m=2.35461e-07 d=3.49659e+00
0.4287677299196688 -0.08695361740752736 -7.765122946991679e-05
0.004805330178141895 0.025634107084496434 -0.0014247911105530538
0.0 0.0 0.0
       2 m=6.56889e-07 d=3.94288e+00
0.6245308105355694 -0.21860370513160077 0.013900727294383037
0.007006667291239683 0.02046662995176924 8.508770090396157e-05
0.0 0.0 0.0
       3 m=4.69748e-07 d=3.76408e+00
0.33902959251596454 -0.8656702545830948 0.043214135526460425
0.016162780779438193 0.006304737106319695 -0.00033933246132652496
0.0 0.0 0.0
       4 m=3.73998e-07 d=3.66039e+00
0.8694976503244373 -0.39913393664513913 0.005025504416710169
0.006433193717237504 0.01701726632758617 0.0001156875472956323
0.0 0.0 0.0
       5 m=3.14189e-07 d=3.58113e+00
0.9736350632681988 0.5707294764273013 0.00941998833472726
-0.009296180057978769 0.01346953080476143 -0.0006913830999892796
0.0 0.0 0.0
       6 m=2.72823e-07 d=3.53303e+00
0.9481436461428185 0.8433064215674714 0.00441580910141888
-0.010157566138213756 0.011398542759598148 -0.000493057526499777
0.0 0.0 0.0
       7 m=2.42286e-07 d=3.50359e+00
1.354889055093846 -0.21100926286606592 -0.09383538173442832
0.0022109032450318214 0.014488493696187335 -0.0006857627357741327
0.0 0.0 0.0
       8 m=2.18699e-07 d=3.47852e+00
-1.0595580700036602 0.8898500196565159 0.000697691663636521
-0.010494056485678166 -0.010791417787279906 0.00018991126984075203
0.0 0.0 0.0
       9 m=1.99859e-07 d=3.45829e+00
-1.3274481783276626 -1.0023378444206876 0.1275901802488173
0.008031056691707575 -0.01004263385881747 0.00012694158551230584
0.0 0.0 0.0
      10 m=1.84419e-07 d=3.44152e+00
-1.5331821364619531 0.026771523560351285 -0.10679014741859685
0.0008289988831159762 -0.014308957028675465 -0.0002862147419251527
0.0 0.0 0.0
      11 m=1.71505e-07 d=3.42637e+00
0.09470139593595575 -1.8177182633665596 0.008862993534440314
0.012394592318617968 0.0007018079387260679 -2.8267193223715042e-05
0.0 0.0 0.0
      12 m=1.60521e-07 d=3.41256e+00
-0.5032094036846484 -1.8152382583855775 0.0688778044964199
0.011821480110195352 -0.0032109758536178184 -0.0005241001140237777
0.0 0.0 0.0
      13 m=1.51050e-07 d=3.39988e+00
1.0148641723531577 1.462092074381104 -0.012102011502982797
-0.011263341294392807 0.006945188271367384 -0.0005284445030931031
0.0 0.0 0.0
      14 m=1.42789e-07 d=3.38958e+00
1.9600067885142891 0.4174202074142208 0.0759038451389544
-0.002579057222855882 0.011709221930695613 -4.763487355623227e-05
0.0 0.0 0.0
      15 m=1.35511e-07 d=3.38016e+00
-0.21423331503685938 2.0519902105591963 0.08150859192804137
-0.01182048841758019 -0.0008524109805908113 -0.00011779889805510122
0.0 0.0 0.0
      16 m=3.50565e-09 d=3.10507e+00
0.1480510332241149 0.29356712857441825 -0.005519502698954184
-0.026966283745990294 0.012254761964232686 0.000824599454948582
0.0 0.0 0.0
      17 m=1.01789e-08 d=3.13377e+00
-0.36055499953016057 -0.0964646506480177 -0.018886697705773763
0.005441775189135996 -0.02703386947688684 -0.001920606455722628
0.0 0.0 0.0
      18 m=1.62328e-08 d=3.15429e+00
0.22671323095281884 -0.3150405317476033 -0.0042239878925685965
0.02279595438282226 0.01613847767727849 0.00010995196983947974
0.0 0.0 0.0
      19 m=2.17849e-08 d=3.17111e+00
-0.19050282302161342 0.3539370549523051 0.003601908049637322
-0.02530925876174471 -0.01199480814257 -0.0009568244013117763
0.0 0.0 0.0
      20 m=2.69393e-08 d=3.18480e+00
-0.4359697044039917 0.1025853172529097 -0.00454579044139305
-0.004550919963975169 -0.025598855555048462 0.002090878025738971
0.0 0.0 0.0
      21 m=3.17699e-08 d=3.19813e+00
-0.3146854022899912 0.4220515879640124 -0.00959979137147832
-0.01816598817442697 -0.013816725521930376 1.1330683721501448e-05
0.0 0.0 0.0
      22 m=3.63309e-08 d=3.21078e+00
0.43028903071601177 0.2639324741904417 0.037598464239121616
-0.011266905775280207 0.02170260736588919 0.00017132883696260398
0.0 0.0 0.0
      23 m=4.06627e-08 d=3.22141e+00
0.4596944019899769 0.2931849330662174 0.013763439244171567
-0.012545365391607723 0.019583887469800495 0.0005303056480726494
0.0 0.0 0.0
      24 m=4.47968e-08 d=3.23055e+00
0.42315071747731103 -0.3600895139500737 0.01050363117577541
0.015391997348586971 0.01750088910352505 -0.0012531900602629925
0.0 0.0 0.0
      25 m=4.87579e-08 d=3.23854e+00
-0.18375017697053592 0.5643533512377655 0.008086770539203507
-0.02127825111588985 -0.006706054573349052 2.8362001091643883e-05
0.0 0.0 0.0
      26 m=5.25661e-08 d=3.24564e+00
-0.45236280537112056 0.42358555624716926 -0.00034509855586640744
-0.01604517553893392 -0.014715487744287502 0.00045341529947679827
0.0 0.0 0.0
      27 m=5.62378e-08 d=3.25201e+00
0.07190327426660799 -0.6221705761725598 0.03473812383042319
0.02173180735346198 0.0025552818006619456 0.0007215168455621671
0.0 0.0 0.0
      28 m=5.97867e-08 d=3.25778e+00
-0.10590372881092297 -0.6402609463719273 0.049036406166041276
0.021368866798118825 -0.0018885439450458596 -0.00011037409712611664
0.0 0.0 0.0
      29 m=6.32245e-08 d=3.26521e+00
0.6265984610235156 0.31564507143397336 0.008219773858943662
-0.010449040973687594 0.017281138582750103 0.0003542023272471171
0.0 0.0 0.0
      30 m=6.65783e-08 d=3.27225e+00
-0.2248384424140697 -0.7090874600883562 0.046080956110837755
0.018327655204248092 -0.0059166032175716685 -0.00041443350662708476
0.0 0.0 0.0
      31 m=6.40055e-08 d=3.26688e+00
0.4063528291351179 -0.6143150750199765 0.0013108499856842974
0.01691949237574694 0.010247218685419666 0.0008687022377230332
0.0 0.0 0.0
      32 m=6.15566e-08 d=3.26157e+00
-0.672461672393541 0.1660361789339116 0.042747718735238104
-0.003512216323420846 -0.02094951504573209 0.0008197610680078288
0.0 0.0 0.0
      33 m=5.93158e-08 d=3.25704e+00
-0.13261607280928828 0.7242996844106375 0.0184369954554136
-0.019858056314070775 -0.004212717824966918 0.0005205720417036396
0.0 0.0 0.0
      34 m=5.72566e-08 d=3.25370e+00
0.24111105705503594 0.6937123948326125 -0.014894340023202111
-0.019471841557654183 0.006609364469216519 0.0009046350494943837
0.0 0.0 0.0
      35 m=5.53568e-08 d=3.25052e+00
0.11402777879321589 0.7491862658511433 -0.04757918345095406
-0.019937803549757997 0.002893188938945142 -0.00013828564426385636
0.0 0.0 0.0
      36 m=5.35979e-08 d=3.24747e+00
-0.23110129706034543 -0.7750698125787348 0.012504559142305128
0.018277661982836903 -0.005570493333971061 -0.0009912724731629757
0.0 0.0 0.0
      37 m=5.19641e-08 d=3.24455e+00
0.8070548899886523 -0.23157560639836774 0.05714846640003022
0.005120398307607283 0.017855635831977076 -0.0003174761286478617
0.0 0.0 0.0
      38 m=5.04420e-08 d=3.24175e+00
-0.4426519760264154 0.7084796968160174 -0.03248438377062073
-0.01605324331779193 -0.009882247851087657 -0.0012099087489667786
0.0 0.0 0.0
      39 m=4.90200e-08 d=3.23905e+00
-0.29486989857218965 0.7695909000771364 -0.005844620129683922
-0.017508969903001048 -0.008175901662101883 0.0004843728143450331
0.0 0.0 0.0
      40 m=4.76882e-08 d=3.23645e+00
-0.13924336478594435 0.8699560252933272 -0.0018265820312571828
-0.017969397466945113 -0.003265195390104815 6.445839972173181e-05
0.0 0.0 0.0
      41 m=4.64378e-08 d=3.23394e+00
-0.6333734598782146 -0.5905716026254412 0.00023296425063983563
0.012739175224570087 -0.01374348993919974 5.129517757487522e-06
0.0 0.0 0.0
      42 m=4.52614e-08 d=3.23152e+00
0.36693313682884815 -0.8126705990371743 0.01031070141171523
0.016471829456257997 0.008106926417649898 -0.00018795217495915593
0.0 0.0 0.0
      43 m=4.41522e-08 d=3.22918e+00
-0.4334905774385245 -0.7961618529652834 0.050136276932542245
0.015107053363558826 -0.010061280690959101 0.0010747317215481604
0.0 0.0 0.0
      44 m=4.31045e-08 d=3.22691e+00
0.8060259198503411 -0.4263612592886179 0.011215545624307216
0.00961173060296983 0.01550678049312343 -4.854676092352462e-05
0.0 0.0 0.0
      45 m=4.21130e-08 d=3.22472e+00
0.7111844934098416 -0.6295010479065019 -0.0201958113158955
0.011736427613104441 0.013150404660507672 0.0010160639337757375
0.0 0.0 0.0
      46 m=4.11732e-08 d=3.22259e+00
0.42350709726605984 0.89015716600026 -0.04481922442934469
-0.015406235498751223 0.00745375512694974 -0.0004592586075605262
0.0 0.0 0.0
      47 m=4.02808e-08 d=3.22052e+00
0.9534374051062815 -0.0916747235138875 0.06510128314198269
0.0020430349213819985 0.017583939339373002 0.0009511981740765281
0.0 0.0 0.0
      48 m=3.94324e-08 d=3.21851e+00
0.7760176933761074 0.7003756309971226 0.046107890127854656
-0.011373203508512132 0.011761248671107732 -8.235662037814676e-05
0.0 0.0 0.0
      49 m=3.86245e-08 d=3.21656e+00
-0.18427663556207674 -0.9880670868886393 0.04591168139296154
0.016863228815240577 -0.0031529885399027907 0.0002366606584451777
0.0 0.0 0.0
      50 m=3.78542e-08 d=3.21466e+00
-0.9703179319000557 -0.08017780140003555 0.03420982084527147
0.00041218331163679275 -0.01779855061173343 0.0007769386503256723
0.0 0.0 0.0
      51 m=3.71188e-08 d=3.21281e+00
-0.6703325085546789 -0.7247066301083931 0.03263057589138888
0.012563870689768449 -0.012416940635948686 0.0009961627151856816
0.0 0.0 0.0
      52 m=3.64159e-08 d=3.21100e+00
-0.13038320493610583 0.9695420967792354 -0.04232649889451804
-0.01785247099053124 -0.0014589351607772255 0.0010183413445645948
0.0 0.0 0.0
      53 m=3.57433e-08 d=3.20925e+00
-0.3438550440018248 0.9362941091916133 0.01072031468492806
-0.017026573997651496 -0.0049326287143093474 -0.0001893947007588301
0.0 0.0 0.0
      54 m=3.50990e-08 d=3.20753e+00
-0.5285478153106216 -0.9784933999372234 0.0081870595949428
0.013463941843725808 -0.008670375924181278 0.00012293532314775523
0.0 0.0 0.0
      55 m=3.44811e-08 d=3.20585e+00
-0.25697865002863834 -1.0534631460672668 0.04475226852789389
0.016052478066501997 -0.0038855712024405123 0.00033223855408521814
0.0 0.0 0.0
      56 m=3.38881e-08 d=3.20422e+00
-0.4879178041439894 -0.9400595878854984 0.0016782521671803853
0.015084680592232605 -0.007869678546781838 1.2310079937693147e-05
0.0 0.0 0.0
      57 m=3.33183e-08 d=3.20262e+00
-1.1260259418106027 0.04751259502970112 0.0101199973058173
-0.0016955849550716277 -0.015994342025384564 0.0003648150878995775
0.0 0.0 0.0
      58 m=3.27704e-08 d=3.20105e+00
0.6475337545011364 -0.8379726814925221 -0.018351034368609152
0.013677686341451098 0.010355739867778177 -0.0010485376935136948
0.0 0.0 0.0
      59 m=3.22431e-08 d=3.19952e+00
-0.7959878063141949 0.8043718888053661 -0.02152634597133554
-0.011661457568241815 -0.011241961466424599 4.329390786529639e-05
0.0 0.0 0.0
      60 m=3.17351e-08 d=3.19802e+00
0.8432201869817861 -0.7490425895403835 -0.008204812380916957
0.010998945863461448 0.012077659615498317 0.0003163650879050918
0.0 0.0 0.0
      61 m=3.12455e-08 d=3.19656e+00
1.0759898333950761 -0.4385785733357295 0.08188448604948881
0.00593330770945324 0.01474387704148407 -0.0006210766885614767
0.0 0.0 0.0
      62 m=3.07731e-08 d=3.19512e+00
0.7888038420565084 0.8403499333771487 -0.006151382123504613
-0.012640343131715099 0.01002752229276311 0.0007856883777893316
0.0 0.0 0.0
      63 m=3.03170e-08 d=3.19371e+00
0.3421680486186574 1.0560414840319854 0.01351182165661307
-0.015820031776393143 0.00570022270965593 -0.0005434085765160669
0.0 0.0 0.0
      64 m=2.98764e-08 d=3.19243e+00
-0.6200742850308971 -1.0089805708065651 -0.06333027775249005
0.013231398465285316 -0.008689036571110318 -0.0009199839402186543
0.0 0.0 0.0
      65 m=2.94505e-08 d=3.19137e+00
1.0798434305165423 -0.6365779752990395 0.05491183556685957
0.00851726706355931 0.012387993128228636 0.0006564827131872744
0.0 0.0 0.0
      66 m=2.90384e-08 d=3.19032e+00
0.9766071806714723 -0.7177690005737412 -0.012770675611035655
0.00918611490239283 0.012634469314555813 -0.0011446095357148963
0.0 0.0 0.0
      67 m=2.86396e-08 d=3.18930e+00
-0.5183025923492758 -1.1497673487183797 0.0049180712385102025
0.013820149082089096 -0.006103671607242095 -0.0005315721644860983
0.0 0.0 0.0
      68 m=2.82533e-08 d=3.18830e+00
-0.6945895547613243 -1.1187534288082015 -0.11213684552306727
0.012283305887294736 -0.007638407038851804 0.00017626264884997676
0.0 0.0 0.0
      69 m=2.78790e-08 d=3.18731e+00
1.1454823937557372 -0.44568466388168654 -0.0011090290602317338
0.005566912330548902 0.014590415657532935 0.0010895927978455313
0.0 0.0 0.0
      70 m=2.75161e-08 d=3.18634e+00
-0.3476521247630562 -1.2175718888851974 0.05831536959021631
0.014615806460046543 -0.004217818392139524 -0.0010489787212662747
0.0 0.0 0.0
      71 m=2.71639e-08 d=3.18538e+00
-1.2755216114311638 0.25531879838589805 -0.08227950259670586
-0.0017940627565838142 -0.01477774562988917 0.000272131624225252
0.0 0.0 0.0
      72 m=2.68222e-08 d=3.18452e+00
1.1770357246812995 -0.29652484459345085 -0.0344377078771486
0.003011406638133046 0.015743485822069008 0.0001641333472858887
0.0 0.0 0.0
      73 m=2.64902e-08 d=3.18372e+00
0.2871924004250547 1.3203370533801688 -0.0034608650728978466
-0.014155106565083484 0.003017613565548198 1.5012425589727112e-05
0.0 0.0 0.0
      74 m=2.61678e-08 d=3.18293e+00
-1.0937496851280384 -0.6887277145657535 0.08748634588747119
0.00786499245881078 -0.012969491156601462 -0.0003268175531075706
0.0 0.0 0.0
      75 m=2.58543e-08 d=3.18215e+00
1.2892290388343648 0.17888771633612005 0.015854718446345017
-0.0021024164947027815 0.015013117979290008 -1.5462201986957107e-05
0.0 0.0 0.0
      76 m=2.55494e-08 d=3.18138e+00
-1.1462346124188882 0.5069698359433777 -0.10761397768268033
-0.006581267831217124 -0.014282995298859347 -0.00026501346372809334
0.0 0.0 0.0
      77 m=2.52528e-08 d=3.18063e+00
0.17600248468274482 -1.2679800075811434 0.02837281731659156
0.015274484897717346 0.0027426866671852778 0.00013981455991673384
0.0 0.0 0.0
      78 m=2.49642e-08 d=3.17989e+00
0.928874433794452 -1.1197360669619492 -0.004216427163304487
0.010682806694638175 0.008544158237286315 8.180248548548649e-05
0.0 0.0 0.0
      79 m=2.46831e-08 d=3.17916e+00
-0.3244259200665456 1.2210449288278833 -0.0789192050742705
-0.014964144677346289 -0.005019929647972501 0.0006260046058662733
0.0 0.0 0.0
      80 m=2.44093e-08 d=3.17844e+00
-0.7539416611383645 -0.9860286410736055 -0.018419705458524917
0.013047819920748346 -0.009467236653358056 0.0006949484297798312
0.0 0.0 0.0
      81 m=2.41424e-08 d=3.17773e+00
-1.4562392244207036 -0.1471386801592518 0.06674412091974902
0.000892596833019647 -0.01372295891429648 1.796993365547531e-05
0.0 0.0 0.0
      82 m=2.38823e-08 d=3.17703e+00
-1.2056346545552288 -0.8760086947911422 0.026871799919237785
0.007716766855916929 -0.011118239737125252 0.000792823071160919
0.0 0.0 0.0
      83 m=2.36286e-08 d=3.17635e+00
0.39149083397295414 1.303920480191918 -0.0680293277286013
-0.014320924661712961 0.00414579862047649 0.00037366172826340977
0.0 0.0 0.0
      84 m=2.33811e-08 d=3.17567e+00
1.1234338686425391 -0.907761718186879 -0.016507600157751885
0.009012304727410176 0.010870307638143105 0.00026370035374418023
0.0 0.0 0.0
      85 m=2.31396e-08 d=3.17500e+00
-0.1832808547438055 1.3592687512143526 -0.006227618210153302
-0.01472078700909293 -0.0024052838602586857 0.0004269394496861299
0.0 0.0 0.0
      86 m=2.29039e-08 d=3.17434e+00
0.5789210764660926 1.2750573594343089 0.050862984523324856
-0.01355938072717544 0.005511650716658871 0.0008480374070382364
0.0 0.0 0.0
      87 m=2.26736e-08 d=3.17369e+00
-1.3958337308354523 -0.19627216802008796 -0.11485768266431287
0.0017933345863909442 -0.014460972030536898 0.0003645492054427485
0.0 0.0 0.0
      88 m=2.24487e-08 d=3.17304e+00
0.49066615764139243 1.2689398615057659 -0.008989428919465515
-0.013721238819435525 0.006482459754434337 0.0002407003547448576
0.0 0.0 0.0
      89 m=2.22289e-08 d=3.17241e+00
-1.575275294659059 -0.19749005259917474 0.01309968848490103
0.0012486524261670958 -0.012957476741092187 6.898221504685548e-05
0.0 0.0 0.0
      90 m=2.20141e-08 d=3.17178e+00
1.3211715090947789 -0.5681755481069758 0.009018402226962506
0.005418036788147611 0.013420746945351551 -0.00020237752584148646
0.0 0.0 0.0
      91 m=2.18041e-08 d=3.17117e+00
0.1933984293575698 -1.4225701630455747 0.024093639776577302
0.014490804758148833 0.0007468400824594632 0.0009629398108663745
0.0 0.0 0.0
      92 m=2.15987e-08 d=3.17056e+00
0.4808365850667994 1.4049247763503825 0.038160861471399445
-0.01326369552067087 0.004795072197317291 0.00024538439437625845
0.0 0.0 0.0
      93 m=2.13977e-08 d=3.16995e+00
-0.33019176848439735 -1.4733415170712632 0.028448984735993516
0.013511385525850537 -0.0033345261939638077 -0.00012255750751240816
0.0 0.0 0.0
      94 m=2.12010e-08 d=3.16936e+00
-1.0572700521607041 -1.190708264251712 0.07023423527818341
0.010517085707534351 -0.007965449473797544 0.0005083713136374479
0.0 0.0 0.0
      95 m=2.10086e-08 d=3.16877e+00
0.3220773743058246 1.4240491948583036 -0.058638019863494165
-0.013831322695702322 0.004233267976623254 8.733845132008925e-05
0.0 0.0 0.0
      96 m=2.08201e-08 d=3.16827e+00
-0.9959297551255057 -1.1281687701736298 0.030909226588388676
0.01077371692482294 -0.009061293259801057 0.0006226142177903752
0.0 0.0 0.0
      97 m=2.06356e-08 d=3.16777e+00
1.2811027327257052 0.9069455020219852 0.00530736147263661
-0.0072334022397102845 0.011449890269767778 -0.00038773292533599436
0.0 0.0 0.0
      98 m=2.04548e-08 d=3.16727e+00
1.2023519261140563 0.9296981387289103 0.008949139946115778
-0.008412261556905557 0.011216024164483382 -0.0006947044334429827
0.0 0.0 0.0
      99 m=2.02776e-08 d=3.16679e+00
-1.3302658623301051 0.658051595047211 -0.05581742742788032
-0.006362507220263056 -0.012878192845158454 0.0009652128602984924
0.0 0.0 0.0
     100 m=2.01040e-08 d=3.16630e+00
-1.110083905910245 -1.011976921581084 0.031055720098782977
0.009616391746726065 -0.010549075095216316 0.00012557005696864706
0.0 0.0 0.0
     101 m=1.99339e-08 d=3.16582e+00
0.5925358509716265 -1.472504004176033 0.09100811666869617
0.012607157473624356 0.004923119584312786 0.00011616749521159507
0.0 0.0 0.0
     102 m=1.97670e-08 d=3.16535e+00
-1.6344067601743335 -0.3524688098247243 -0.02843462784061753
0.0026071536633916954 -0.012612751834130931 0.00018362773078255243
0.0 0.0 0.0
     103 m=1.96034e-08 d=3.16489e+00
0.5278526391953483 1.487797098371895 0.08328053383854989
-0.012904319753550627 0.004560632098849625 0.000292160291857297
0.0 0.0 0.0
     104 m=1.94429e-08 d=3.16442e+00
-1.4349089059006057 0.9257299711086919 -0.0031217599213214167
-0.007259951355946667 -0.01033265963315947 0.0010803269939819627
0.0 0.0 0.0
     105 m=1.92855e-08 d=3.16397e+00
-1.4564554438155977 0.20149125571251514 0.03233962515284654
-0.0027470502144759587 -0.014487951709413263 0.0001771697918477291
0.0 0.0 0.0
     106 m=1.91309e-08 d=3.16352e+00
0.7714935198803519 1.4099985869766656 0.0737139767027862
-0.011891902216677014 0.006514838691328231 0.00015537357559106948
0.0 0.0 0.0
     107 m=1.89793e-08 d=3.16307e+00
1.4943791603441328 0.0029179702559023607 -0.006300525732094551
5.845556488077628e-05 0.014594531454914668 -0.00022756647735273995
0.0 0.0 0.0
     108 m=1.88304e-08 d=3.16263e+00
-0.9914155442641527 1.2748199406006757 0.0012881913348308579
-0.009931763104729562 -0.009263361422036867 -4.49846017896633e-06
0.0 0.0 0.0
     109 m=1.86842e-08 d=3.16219e+00
0.9209103062892838 -1.4215746645148797 -0.05519460833953998
0.0113094969776788 0.006339988414656683 0.00022101336568903818
0.0 0.0 0.0
     110 m=1.85407e-08 d=3.16175e+00
-0.5714503311660186 -1.6019221228087412 0.003831776887454028
0.012540535881307265 -0.0032494358715928 -2.1340143894375204e-05
0.0 0.0 0.0
     111 m=1.83996e-08 d=3.16133e+00
-0.7589520160524073 -1.4530712970972732 -0.0002794270346074337
0.012093397999482286 -0.005961141118008336 2.156475550920475e-06
0.0 0.0 0.0
     112 m=1.82611e-08 d=3.16090e+00
-0.2728969409358787 -1.6378016202266514 -0.017441752699402437
0.01300152667417474 -0.0030075782973360905 7.492065461564214e-05
0.0 0.0 0.0
     113 m=1.81250e-08 d=3.16048e+00
1.6093539527167713 0.6015547395451799 0.010910495372208895
-0.003993920271487593 0.012262423521444207 -0.0008348305090163183
0.0 0.0 0.0
     114 m=1.79912e-08 d=3.16007e+00
-0.9076021129706846 -1.3606328223532016 -0.08885805446229494
0.010773284441231577 -0.008276745688673978 0.0004242535708074541
0.0 0.0 0.0
     115 m=1.78597e-08 d=3.15965e+00
-1.5068869009466035 1.04854064087736 0.038508083001658595
-0.0067852094839759266 -0.010009888869553793 0.0006059770565599649
0.0 0.0 0.0
     116 m=1.77304e-08 d=3.15924e+00
0.645266016640833 -1.532037867251028 0.0016806747040092602
0.012369822049852453 0.0053043987231767824 6.769207270117097e-05
0.0 0.0 0.0
     117 m=1.76033e-08 d=3.15884e+00
-1.7399931900322048 -0.442496350084546 0.10000013715209205
0.003896491349985152 -0.011814321439846549 -0.0005893857000954301
0.0 0.0 0.0
     118 m=1.74783e-08 d=3.15844e+00
0.8648121864207734 -1.4460724048863354 0.06968290295844659
0.011567648339729026 0.006628311967147828 -6.116130240054477e-05
0.0 0.0 0.0
     119 m=1.73553e-08 d=3.15804e+00
1.0517855151040796 1.3442124853749928 0.0013304848376974078
-0.010564348349313461 0.007898632283506618 0.0006082633645502647
0.0 0.0 0.0
     120 m=1.72343e-08 d=3.15765e+00
1.1781931746215117 -1.292225883424471 0.041274790412483164
0.009477505919371437 0.008729510529055197 -0.0008564882177073709
0.0 0.0 0.0
     121 m=1.71153e-08 d=3.15726e+00
1.3447991736027776 -1.1039141688608871 -0.044110593106852974
0.008258069226977468 0.010050958531123328 -0.00020230800965878143
0.0 0.0 0.0
     122 m=1.69982e-08 d=3.15688e+00
0.5539610001541007 -1.650515932551809 -0.13187672019570104
0.012020611747132946 0.004923986436716181 -0.00046188078891687314
0.0 0.0 0.0
     123 m=1.68830e-08 d=3.15649e+00
-0.83240061149939 1.5304861299587746 -0.042504228657241246
-0.011288989640213387 -0.0064991297447170426 -0.0008234406973689122
0.0 0.0 0.0
     124 m=1.67695e-08 d=3.15612e+00
-0.4435482523963111 -1.6759466045808615 -0.0347603895760356
0.012749093117887349 -0.0032055363712398654 0.00010758083639715001
0.0 0.0 0.0
     125 m=1.66578e-08 d=3.15574e+00
-1.7700629238477912 -0.11255212311996388 -0.13235952202953086
0.0002588396429278497 -0.012840973924913027 0.0002529096765127021
0.0 0.0 0.0
     126 m=1.65479e-08 d=3.15537e+00
-1.6605723069245242 -0.1213119401094147 -0.12711201831941532
0.0006403539970138827 -0.013675378550981157 2.8289695476154883e-05
0.0 0.0 0.0
     127 m=1.64396e-08 d=3.15500e+00
1.2822230954367622 1.2675770998502072 0.049845163610023106
-0.0093330915862483 0.008597400333652087 -0.0009121105987419611
0.0 0.0 0.0
     128 m=1.63329e-08 d=3.15463e+00
-1.491974823773289 -0.9438982278590478 -0.01543230422075905
0.007341423721639853 -0.010758892864773767 0.00011434621639207321
0.0 0.0 0.0
     129 m=1.62279e-08 d=3.15427e+00
0.6223432939771256 1.5722184881288777 0.0764220051726368
-0.012706910202790756 0.0047903259842082884 -0.0006330741215111378
0.0 0.0 0.0
     130 m=1.61244e-08 d=3.15391e+00
-1.6927737459510652 -0.24618004125012583 -0.09724618736693885
0.0028088403450622764 -0.01316225135265942 0.0003940252102668626
0.0 0.0 0.0
     131 m=1.60224e-08 d=3.15356e+00
-0.9471671597373892 1.4048304176219988 -0.05269029365352217
-0.011583793225660692 -0.007137406022991738 0.0007534910900577234
0.0 0.0 0.0
     132 m=1.59220e-08 d=3.15320e+00
-1.0178403638495475 -1.4882179341877586 0.033396960289155994
0.01126006253131766 -0.006212491983769939 -0.0002240482255504901
0.0 0.0 0.0
     133 m=1.58229e-08 d=3.15285e+00
-1.460112295253303 0.820227556822378 0.07548161483129116
-0.006797794503059431 -0.012014268124596428 0.0006292804223252868
0.0 0.0 0.0
     134 m=1.57254e-08 d=3.15250e+00
-0.6195432404385965 -1.7230518824589467 -0.01576170978093891
0.011826376470181404 -0.004681846543803467 -9.520564391923238e-05
0.0 0.0 0.0
     135 m=1.56292e-08 d=3.15216e+00
-1.8661024744504022 -0.4829780668300847 0.015059665220511373
0.0021042093534876013 -0.01187770715214448 -0.0008705579898422224
0.0 0.0 0.0
     136 m=1.55343e-08 d=3.15182e+00
1.8109599641180583 0.6482374612024965 -0.08251507857837606
-0.004878623985803025 0.011112664217042396 -8.011693249848284e-05
0.0 0.0 0.0
     137 m=1.54408e-08 d=3.15148e+00
0.03867867086586378 -1.8503767884297226 -0.03318787530559775
0.012654805601536789 -0.00031886860335942626 0.00011712275693678058
0.0 0.0 0.0
     138 m=1.53486e-08 d=3.15114e+00
1.377987448720564 1.3417319050250256 0.09492935785853425
-0.00826011074047998 0.008929581623562473 -0.0007400882107777101
0.0 0.0 0.0
     139 m=1.52577e-08 d=3.15081e+00
1.9255889232416479 0.00756391437196724 -0.0025508369971751436
-0.0009134616886978105 0.012178431520264942 -1.6291180547992381e-06
0.0 0.0 0.0
     140 m=1.51680e-08 d=3.15048e+00
-0.552642097810272 1.8910937873053029 -0.09277444608591452
-0.011636474194689893 -0.0026553946985580666 0.00015113103044715802
0.0 0.0 0.0
     141 m=1.50796e-08 d=3.15015e+00
-0.9465977136156258 -1.5972980291537677 -0.0005566613669736736
0.011034150096466676 -0.006265659650339277 -0.0008797857880293344
0.0 0.0 0.0
     142 m=1.49923e-08 d=3.14984e+00
-1.452515369031691 1.444580166239389 -0.09525581276690889
-0.00807294460957842 -0.008170574797230733 -0.0005463723172753044
0.0 0.0 0.0
     143 m=1.49062e-08 d=3.14960e+00
1.8383815674537387 0.7046284769644157 0.022749357452229214
-0.0049204954162588455 0.010982375255029975 -4.009010834941524e-05
0.0 0.0 0.0
     144 m=1.48213e-08 d=3.14936e+00
-1.622434507574289 0.9821936500373495 -0.10241284957037167
-0.006391610058891686 -0.010745240130033713 -0.0003426538017417565
0.0 0.0 0.0
     145 m=1.47375e-08 d=3.14912e+00
0.7843643050287291 -1.8532729387681535 -0.12539991335019943
0.010927722705648324 0.00438895732418455 -0.0005088409423432108
0.0 0.0 0.0
     146 m=1.46547e-08 d=3.14888e+00
1.7950886710030294 -0.6216466531750104 0.035211052481071474
0.004929073700617622 0.01153710401165854 -0.0002909728041915971
0.0 0.0 0.0
     147 m=1.45731e-08 d=3.14864e+00
0.3783314704440468 -1.8499901411094428 -0.03243824195401143
0.012330707528467003 0.002808287260615016 0.00011549001386957638
0.0 0.0 0.0
     148 m=1.44925e-08 d=3.14841e+00
-1.4409615580986728 -1.2461378847655855 0.012770447258360773
0.00817009887741308 -0.009536348137621897 -0.0003153228480755303
0.0 0.0 0.0
     149 m=1.44129e-08 d=3.14817e+00
0.34698533223599204 -2.001874911711317 0.08138308329227222
0.011523275114164512 0.0024039044730752605 -0.0004385901553627308
0.0 0.0 0.0
     150 m=1.43344e-08 d=3.14794e+00
1.781517407679982 -0.7211455875536223 -0.039469156446552994
0.005368827453555037 0.011282186371006602 -7.904185353094643e-05
0.0 0.0 0.0
     151 m=1.42568e-08 d=3.14771e+00
1.3120538845712089 -1.4556063685891123 -0.023255243296394792
0.009135011187779459 0.008204884755017662 -0.00011789483235830714
0.0 0.0 0.0
     152 m=1.41802e-08 d=3.14748e+00
-0.40423311119985145 1.7618748786687168 -0.028297550724579772
-0.012995366301555908 -0.0027354404899647905 0.0005827269973940178
0.0 0.0 0.0
     153 m=1.41046e-08 d=3.14726e+00
-1.9975951526881326 0.04223922366336419 0.1224168819300459
-0.00012838009919706808 -0.012061865281534929 -0.00014630017767054698
0.0 0.0 0.0
     154 m=1.40299e-08 d=3.14703e+00
1.6901040970662868 -0.7966089730534435 -0.034271999837245694
0.00542257537553795 0.011707984946678403 0.0007898752104031729
0.0 0.0 0.0
     155 m=1.39561e-08 d=3.14681e+00
0.5036232276023613 1.909221791152473 0.02679151498604469
-0.01191176584116279 0.0028899289251788788 0.0006277576012907773
0.0 0.0 0.0
     156 m=1.38832e-08 d=3.14659e+00
0.5956363333141232 -1.7501930995259494 -0.0905964841629246
0.012014387790986831 0.0051067236906839905 -0.0008736588866038998
0.0 0.0 0.0
     157 m=1.38112e-08 d=3.14637e+00
1.3018088081689823 -1.516486889482092 0.04677454981367175
0.00921961897782532 0.007887745964341487 -0.0008869911089850106
0.0 0.0 0.0
    1000 m=9.55110e-04 d=1.32600e+00
-3.9221051541650103 3.615076175903113 -0.005799421994959031
-0.00521031798875617 -0.005195858472560751 -4.601181812421322e-05
0.0 0.0 0.0
    1001 m=2.85730e-04 d=6.87000e-01
-7.966838880651688 -5.799353977407862 0.15319269778096606
0.0029620957515577194 -0.0045172613406566356 6.08235514644637e-06
0.0 0.0 0.0
