)O+_05 Big-body initial data  (WARNING: Do not delete this line!!)
) Lines beginning with `)' are ignored.
)---------------------------------------------------------------------
 style (Cartesian, Asteroidal, Cometary) =  Cartesian
 epoch (in days) =  0.0
)---------------------------------------------------------------------
       1 m=5.67751e-09 d=3.11558e+00
-0.30889872414520886 -0.08619537080272541 -0.0006915490670919783
0.007908517062154603 -0.02924403581158213 -0.00025318937313714143
0.0 0.0 0.0
       2 m=1.65270e-08 d=3.15530e+00
-0.22815330742390474 -0.2727326406202517 5.1127575587525606e-05
0.02205346568148565 -0.01858176181634455 1.945995032243364e-06
0.0 0.0 0.0
       3 m=2.64415e-08 d=3.18360e+00
0.3829751193241989 -0.07940443292391974 0.0006768313415615665
0.005711450610884907 0.026812813484674954 4.9285215545538164e-05
0.0 0.0 0.0
       4 m=3.55846e-08 d=3.20883e+00
0.3417209654157357 0.24340883690423587 -0.0008307105045346877
-0.015489729985957879 0.021556279074867415 0.00020539697496714106
0.0 0.0 0.0
       5 m=4.41071e-08 d=3.22908e+00
-0.4080787974580663 -0.18013428951279217 0.0026831928339519666
0.010532372546224461 -0.023554883259248274 -2.4349730546955016e-05
0.0 0.0 0.0
       6 m=5.21191e-08 d=3.24483e+00
0.4681386499053718 0.07496260199057245 -5.0157915643451984e-05
-0.0039730248807731735 0.02467627904805062 -2.6450564776476884e-05
0.0 0.0 0.0
       7 m=5.97022e-08 d=3.25765e+00
-0.19785112894500997 0.458591762985768 2.1884149152524867e-05
-0.02238555363693929 -0.009586985210314833 -2.1918809557935753e-05
0.0 0.0 0.0
       8 m=6.69185e-08 d=3.27294e+00
-0.34149843622137166 0.4002214342125895 -0.0024497192905087385
-0.018046892082433767 -0.015315086932849185 -6.955193561593371e-05
0.0 0.0 0.0
       9 m=7.38165e-08 d=3.28630e+00
-0.35154726808866404 0.41302737108849824 -0.0002434605315233394
-0.017859450923712758 -0.015211694273873316 -7.540681571838859e-05
0.0 0.0 0.0
      10 m=8.04348e-08 d=3.29799e+00
0.46760480154361644 0.3287877001262862 0.002098720860887775
-0.013039206313249322 0.018589058554943708 -8.518922249699167e-05
0.0 0.0 0.0
      11 m=8.68049e-08 d=3.30837e+00
-0.2503399692194165 -0.5345107196820957 7.934432615193678e-05
0.020283038435202717 -0.009503722548216761 -9.038274273737547e-06
0.0 0.0 0.0
      12 m=9.29529e-08 d=3.31769e+00
0.573600382614404 -0.21834845160853383 -0.0012420576659942855
0.00790406897664481 0.02043702400817437 0.00012808228919610547
0.0 0.0 0.0
      13 m=9.89004e-08 d=3.32613e+00
0.6316606653011239 0.008156859035658437 0.00442400887927143
-0.0002932307202716516 0.02163137144410507 -7.922730181196658e-06
0.0 0.0 0.0
      14 m=1.04666e-07 d=3.33385e+00
-0.6449745582284301 0.0852875700895775 -0.0005343229447793724
-0.0027614504528540207 -0.02114525879080394 0.0001033494239256843
0.0 0.0 0.0
      15 m=1.10265e-07 d=3.34305e+00
0.3998898765178765 0.5372851888852319 0.0036799310977714697
-0.016810561706991856 0.012603039997421722 -0.00010808691701021881
0.0 0.0 0.0
      16 m=1.15712e-07 d=3.35173e+00
-0.5623891115438466 0.39540104664900555 0.0028363697250741505
-0.011931309208210023 -0.01697187320971268 0.00012865091951881844
0.0 0.0 0.0
      17 m=1.18126e-07 d=3.35545e+00
-0.4485251650340623 0.5445995101793157 0.004601099334682672
-0.01580427562316804 -0.013017564318239173 -7.841473790597441e-05
0.0 0.0 0.0
      18 m=1.13898e-07 d=3.34889e+00
0.44782055819225997 0.5650658755579908 -0.0037297223161316794
-0.015814574834476656 0.012696250828640464 0.00011704616597663778
0.0 0.0 0.0
      19 m=1.10011e-07 d=3.34264e+00
0.6471740239746854 0.3567465396640929 0.0013948974606690953
-0.009658932979735076 0.01753327086783199 4.085886164823643e-05
0.0 0.0 0.0
      20 m=1.06420e-07 d=3.33666e+00
0.7240017754862821 -0.2093033923463059 -0.0031493714095288195
0.005400432380123136 0.019097602460768633 -1.4254485210315715e-05
0.0 0.0 0.0
      21 m=1.03091e-07 d=3.33178e+00
0.6352722888048903 -0.43741522215453293 0.0031494553833485714
0.01121202430308147 0.016075024919125946 -5.1356760172129875e-05
0.0 0.0 0.0
      22 m=9.99948e-08 d=3.32763e+00
-0.45088009143446517 -0.6424972789865897 -0.00020795103798719686
0.015911704609322733 -0.011195532526619596 1.286115530337609e-05
0.0 0.0 0.0
      23 m=9.71077e-08 d=3.32364e+00
0.7946844814847283 -0.15723699326069632 8.887009521076875e-05
0.003755548597096136 0.018661445857001233 3.736117168289329e-05
0.0 0.0 0.0
      24 m=9.44078e-08 d=3.31980e+00
-0.8179958094890346 0.05193540155248226 0.000829118062077512
-0.0011202402085281893 -0.018958872191121807 -6.0696024745415355e-05
0.0 0.0 0.0
      25 m=9.18769e-08 d=3.31610e+00
-0.5948433111910598 0.5813275040870731 9.424034431288457e-05
-0.013166889668634949 -0.013539654908069996 -1.221780686870491e-06
0.0 0.0 0.0
      26 m=8.94988e-08 d=3.31253e+00
-0.849376342828144 0.019158422307947842 -0.002957640682595854
-0.000418237060471849 -0.01864672360859297 4.926265826782908e-05
0.0 0.0 0.0
      27 m=8.72596e-08 d=3.30908e+00
0.5114174983734264 0.6957329934649302 0.007011689210601231
-0.014892745654113197 0.010986594048882234 -7.752742602389794e-06
0.0 0.0 0.0
      28 m=8.51469e-08 d=3.30574e+00
-0.8097352647043463 -0.34579857460889074 -0.006260255663520841
0.007217530499269379 -0.01681438883440356 9.082470209916868e-05
0.0 0.0 0.0
      29 m=8.31498e-08 d=3.30251e+00
-0.08539592805428092 -0.8866095971880604 0.0009035231370082681
0.018149103848327366 -0.0017382796594944978 6.553543020813114e-05
0.0 0.0 0.0
      30 m=8.12587e-08 d=3.29938e+00
0.7012793372071336 -0.5615972823774422 0.0024956142846673077
0.011340882126042043 0.01425261257219286 6.308077230100787e-05
0.0 0.0 0.0
      31 m=7.94651e-08 d=3.29634e+00
-0.9152869789586793 -0.14213830182308734 -0.0057448528644753315
0.0027782526152338996 -0.017580184217180814 8.612237173294438e-05
0.0 0.0 0.0
      32 m=7.77611e-08 d=3.29339e+00
-0.5059548340074964 0.7837194088603535 -0.0015308843462165209
-0.014966278991778142 -0.009639270518806708 5.242126420881878e-05
0.0 0.0 0.0
      33 m=7.61401e-08 d=3.29052e+00
-0.9117324735325071 0.24871038257751213 -0.0018161573732669205
-0.004659914816518954 -0.017071384136787028 -2.6149805544049105e-06
0.0 0.0 0.0
      34 m=7.45958e-08 d=3.28773e+00
-0.2662295042044445 -0.9240475227966571 0.003005839486058809
0.016835289480269813 -0.004812165107395651 -7.983187236730593e-05
0.0 0.0 0.0
      35 m=7.31226e-08 d=3.28501e+00
0.906910558580875 -0.3382439767449585 0.0018941782755385285
0.00616437271152244 0.016390944687231207 6.567803910384251e-05
0.0 0.0 0.0
      36 m=7.17156e-08 d=3.28237e+00
0.7022706644162319 -0.6877258506813267 -0.004854208580522283
0.012039746208029792 0.012501927405864144 2.9186907672911585e-05
0.0 0.0 0.0
      37 m=7.03702e-08 d=3.27979e+00
-0.914328581079732 -0.39275041170364844 0.00326290436692102
0.0067403661100240795 -0.015881277750557695 -0.0001187343107081077
0.0 0.0 0.0
      38 m=6.90823e-08 d=3.27727e+00
-0.9201264645925524 0.4194296531655742 0.003229995937563075
-0.007025873338072171 -0.015571273710658893 2.2982110707870447e-05
0.0 0.0 0.0
      39 m=6.78480e-08 d=3.27482e+00
0.9994072486430193 -0.22636228129392616 -0.0022014268868344477
0.003630844167971994 0.016565931467420622 -8.526814426011703e-05
0.0 0.0 0.0
      40 m=6.66640e-08 d=3.27242e+00
-0.14080750524236196 -1.0167064783241182 0.00042395135814795194
0.016858995070625528 -0.00241421722164893 -4.566510285137069e-06
0.0 0.0 0.0
      41 m=6.55271e-08 d=3.27008e+00
-1.0183212867133873 0.2478590435337736 -0.002876545439463442
-0.003956160169914779 -0.01630218609996964 -2.6376080522006895e-05
0.0 0.0 0.0
      42 m=6.44345e-08 d=3.26779e+00
-0.6677544999113606 0.8298293368736148 -0.0016009591842238654
-0.012906068386734608 -0.010437262856351465 0.00011202120111534381
0.0 0.0 0.0
      43 m=6.33834e-08 d=3.26555e+00
-0.03149606682295111 -1.066906293531382 0.006565558908281843
0.01664412738094962 -0.000606577954970845 3.730341424911069e-05
0.0 0.0 0.0
      44 m=6.23715e-08 d=3.26336e+00
0.7184268442777008 0.8040619996323297 0.0015738874454439178
-0.012287102296640161 0.01112589471445134 -5.6806929391238236e-05
0.0 0.0 0.0
      45 m=6.13965e-08 d=3.26121e+00
0.9520507104787331 -0.5338072616163942 -0.0003638369012064456
0.00811688843763824 0.014320986678996494 2.6078744931396983e-05
0.0 0.0 0.0
      46 m=6.04564e-08 d=3.25911e+00
-0.6484212506892801 0.9014357051686048 0.002749815337998511
-0.01314471843148556 -0.009576863122314061 -7.431646928154621e-05
0.0 0.0 0.0
      47 m=5.95491e-08 d=3.25741e+00
-1.0384449715371469 0.4208853902739832 -0.00028777389385729256
-0.006089290512464803 -0.015010880078151332 -3.89054178793959e-05
0.0 0.0 0.0
      48 m=5.86730e-08 d=3.25601e+00
-0.584103611694515 -0.96900667528616 -0.0013356637702046908
0.013754367306750474 -0.008409827914668797 -7.023095774560404e-05
0.0 0.0 0.0
      49 m=5.78264e-08 d=3.25464e+00
0.6613565250658792 0.9175347335439032 -0.0039348927008592
-0.01320190119938663 0.009398878770348978 3.543102148907222e-06
0.0 0.0 0.0
      50 m=5.70078e-08 d=3.25329e+00
1.0052233831746222 0.5469215567587202 0.003438641202054193
-0.007675604705777084 0.014145135098732782 -5.924445347934745e-06
0.0 0.0 0.0
      51 m=5.62157e-08 d=3.25197e+00
1.1134900917106516 0.28530274753085755 0.008264271583180828
-0.00409208180444326 0.015567508765384723 7.799148594115002e-05
0.0 0.0 0.0
      52 m=5.54489e-08 d=3.25068e+00
-0.04205975189771388 -1.1643455417013062 -0.0012456178070501204
0.015947728768207384 -0.0004452033576322059 2.927486817005114e-05
0.0 0.0 0.0
      53 m=5.47060e-08 d=3.24940e+00
-1.1047988574224186 0.40956704692487245 -0.00427024786953271
-0.005546021916384469 -0.01484452537708838 -1.5974981596238194e-06
0.0 0.0 0.0
      54 m=5.39859e-08 d=3.24815e+00
0.09469941768691742 -1.1838297398475353 7.907094150022158e-05
0.015746655243237616 0.0011928401244418632 2.4424736505108984e-05
0.0 0.0 0.0
      55 m=5.32875e-08 d=3.24692e+00
0.8060726734912732 0.9029744526081748 -0.00030161116046424147
-0.011580526713205747 0.010393889424368379 -1.960131292577614e-05
0.0 0.0 0.0
      56 m=5.26099e-08 d=3.24572e+00
1.0481441645221057 0.6036937654095802 0.0036958829778271293
-0.007802825731600387 0.013553368282256513 -5.6679759041773714e-05
0.0 0.0 0.0
      57 m=5.19521e-08 d=3.24453e+00
0.4598437847999213 -1.1290223069170793 0.00558816386326373
0.014426590468925308 0.005888905067428445 -1.9706403032967152e-07
0.0 0.0 0.0
      58 m=5.13131e-08 d=3.24336e+00
-1.2082241479608542 -0.20904656521525627 0.0009569096603615298
0.0027281423751142203 -0.015315047443139908 -2.104544804093209e-05
0.0 0.0 0.0
      59 m=5.06921e-08 d=3.24221e+00
0.9020405382930169 -0.8518686321690663 0.004731680306572317
0.010571615139106937 0.011248056297201822 6.76119470330215e-05
0.0 0.0 0.0
      60 m=5.00885e-08 d=3.24108e+00
0.8581925002885595 -0.9225316393336649 0.007734695071029025
0.011124015699933992 0.010446453815366364 -8.136726539817945e-05
0.0 0.0 0.0
      61 m=4.95013e-08 d=3.23997e+00
-0.9970271468808372 0.7591983166849412 -0.0011224563014635039
-0.009370914860424526 -0.012226191016970984 1.924226699232619e-05
0.0 0.0 0.0
      62 m=4.89300e-08 d=3.23887e+00
1.1331129892854177 -0.5925951345726665 0.0028510908167915503
0.0070295057219541355 0.01342598702417234 -2.147033712519443e-05
0.0 0.0 0.0
      63 m=4.83738e-08 d=3.23780e+00
0.8787548144282283 -0.9308307242378961 0.0064053609541841056
0.011059708829906199 0.010421517377381062 -0.0001072572777230006
0.0 0.0 0.0
      64 m=4.78321e-08 d=3.23673e+00
-1.2336627539568865 0.38419346078904837 -0.002747792444265475
-0.0045698295848511815 -0.014404638921684964 2.052865637537475e-05
0.0 0.0 0.0
      65 m=4.73044e-08 d=3.23569e+00
-0.5252806866502319 -1.1843216082002292 -0.0015656516970921986
0.013784619540677924 -0.006230866522401185 9.41941349868857e-06
0.0 0.0 0.0
      66 m=4.67900e-08 d=3.23466e+00
-0.30930498705862436 -1.264545585416433 -0.0006784931583184388
0.01467446031462951 -0.003600811557754681 -4.073054777434629e-06
0.0 0.0 0.0
      67 m=4.62886e-08 d=3.23364e+00
-0.5692815096729739 1.181815244451757 -0.006693640270430783
-0.01359136998917056 -0.006460740962428056 4.9719507802951275e-05
0.0 0.0 0.0
      68 m=4.57995e-08 d=3.23264e+00
-1.3251664218285049 -0.05189039598412304 -0.00571578266428061
0.0005877219664267071 -0.014926873518214983 7.6177630361632574e-06
0.0 0.0 0.0
      69 m=4.53223e-08 d=3.23165e+00
0.4339724495920384 -1.263065060440194 0.0033035324263418066
0.014097050514815197 0.004780913574297657 -3.996736976679348e-05
0.0 0.0 0.0
      70 m=4.48565e-08 d=3.23067e+00
1.3493517847895746 -0.044164361679050246 0.001178910505319929
0.0006176184857364939 0.014763278467083937 -2.4283063281511156e-05
0.0 0.0 0.0
      71 m=4.44017e-08 d=3.22971e+00
0.7827745175090085 -1.1067964031984707 0.0010813377538795496
0.012100475946644408 0.008462138592846367 -8.293209156522141e-06
0.0 0.0 0.0
      72 m=4.39576e-08 d=3.22876e+00
-0.4163462335064963 -1.3025101098094831 0.007410874994943644
0.013991058164946543 -0.004467314235028474 8.84260844247194e-05
0.0 0.0 0.0
      73 m=4.35237e-08 d=3.22783e+00
0.20942979502080283 1.3560445514656165 -0.008532987224821403
-0.014499164711458394 0.0023318891736121795 -3.727121318280575e-05
0.0 0.0 0.0
      74 m=4.30996e-08 d=3.22690e+00
-1.3553091874346401 0.25566664714398213 -0.002489382018059783
-0.0028385183580112803 -0.014380544006733156 -2.37929158755809e-05
0.0 0.0 0.0
      75 m=4.26851e-08 d=3.22599e+00
-1.2769688177422585 -0.5557249401601085 0.000723106103146323
0.005831569744575146 -0.013344897857310556 -7.030331265884439e-06
0.0 0.0 0.0
      76 m=4.22798e-08 d=3.22509e+00
0.7085492709320604 1.204560645829005 -0.002097173728622741
-0.012534208044032425 0.007406160646585149 -0.00010416787512433653
0.0 0.0 0.0
      77 m=4.18833e-08 d=3.22420e+00
0.10669934122670077 -1.3992928332085945 0.0029291738992655563
0.014499993702794074 0.001129575842066262 5.354919868139499e-06
0.0 0.0 0.0
      78 m=4.14954e-08 d=3.22332e+00
1.0256934555359705 -0.9887210014863372 -0.0017615397963523511
0.009961373734653532 0.010358315708595106 3.5117225596642284e-06
0.0 0.0 0.0
      79 m=4.11158e-08 d=3.22246e+00
-1.292518348439779 -0.5908236885493382 1.625044640982187e-06
0.006028996983927178 -0.013132867696308836 4.5498285842820655e-07
0.0 0.0 0.0
      80 m=4.07441e-08 d=3.22160e+00
0.40381260344762465 1.373378273861605 0.002478876176538365
-0.013836190662461391 0.0039519828376434595 2.9933667094607875e-05
0.0 0.0 0.0
      81 m=4.03803e-08 d=3.22075e+00
0.8632208363306256 -1.154945358502805 -0.005361830868620953
0.011481069740725835 0.008572971944859151 3.806488520872266e-05
0.0 0.0 0.0
      82 m=4.00239e-08 d=3.21992e+00
1.4424516418123037 -0.25156621069635526 0.010450521434061864
0.002482773115627238 0.0139314793378575 -5.295924840131781e-05
0.0 0.0 0.0
      83 m=3.96748e-08 d=3.21909e+00
0.7072092492020169 1.2780325637001853 0.002456223954569676
-0.012454252798203107 0.006879562674697592 3.687221699048587e-05
0.0 0.0 0.0
      84 m=3.93327e-08 d=3.21827e+00
0.6319045680126891 -1.3158178667189464 -0.009328457800895095
0.01287832524411699 0.006165670183805936 2.7764086902798624e-06
0.0 0.0 0.0
      85 m=3.89974e-08 d=3.21747e+00
1.417440262014868 -0.41607280971167415 -0.00860826762096588
0.003993918208742577 0.01357364168005035 2.5821280031935004e-05
0.0 0.0 0.0
      86 m=3.86687e-08 d=3.21667e+00
1.4715085301687445 0.27712678057455603 -0.000664038457558508
-0.002615151514397966 0.013751540721985327 -1.7220343383477097e-05
0.0 0.0 0.0
      87 m=3.83463e-08 d=3.21588e+00
-0.7973200125125961 -1.248492596490101 -0.004728283328564205
0.011937635764464792 -0.007669086637507484 -1.3997804665430499e-05
0.0 0.0 0.0
      88 m=3.80302e-08 d=3.21510e+00
1.484578952638902 -0.23505633540729334 -0.00013366925403159307
0.0021091271318718643 0.01386351836394722 -2.5273995129364654e-05
0.0 0.0 0.0
      89 m=3.77201e-08 d=3.21432e+00
0.6942073101069832 1.3473421366424 0.010827644260677194
-0.012391991804960761 0.006393181213671297 -4.794200461267778e-05
0.0 0.0 0.0
      90 m=3.74159e-08 d=3.21356e+00
1.4978254092864907 0.2834037056201242 0.00290663997798063
-0.0025472022178736602 0.013666619769984723 -8.851745727238555e-06
0.0 0.0 0.0
      91 m=3.71173e-08 d=3.21280e+00
1.2376884934644292 -0.9063134963914795 0.008730139360954124
0.008233197712008136 0.011138804950691356 1.2305301431251255e-05
0.0 0.0 0.0
      92 m=3.68242e-08 d=3.21206e+00
-1.1115060208508525 1.0474259638208157 -0.0020474327490975865
-0.009614182333882391 -0.010107664038418505 -1.3777379321612356e-06
0.0 0.0 0.0
      93 m=3.65364e-08 d=3.21132e+00
0.4943544358827494 1.461281679929735 -0.00647469490719142
-0.01311692240515333 0.004436522612232171 -5.815659721475414e-05
0.0 0.0 0.0
      94 m=3.62539e-08 d=3.21058e+00
-1.45279063090825 0.5445192057422565 0.009619932122422452
-0.004764900719003541 -0.01295484197455414 8.249661692183721e-05
0.0 0.0 0.0
      95 m=3.59764e-08 d=3.20986e+00
-1.304842027392049 0.8537229264943166 -0.003941242881779761
-0.007544599619086217 -0.011518868457717948 1.1271770388933217e-05
0.0 0.0 0.0
      96 m=3.57038e-08 d=3.20914e+00
1.426074157273362 -0.6303748336801307 1.6790163842182097e-05
0.005658866888508231 0.012592673426334557 -4.1749622190194065e-06
0.0 0.0 0.0
      97 m=3.54359e-08 d=3.20843e+00
0.8941496409776845 -1.3000120911668545 0.00482247763390843
0.011247894873610638 0.007780478106516996 -8.647417979338682e-05
0.0 0.0 0.0
      98 m=3.51727e-08 d=3.20773e+00
-0.864784824553497 1.3240788625769235 -0.0004926907153801699
-0.011452781572614344 -0.00748080414766015 -1.3842041619068774e-05
0.0 0.0 0.0
      99 m=3.49141e-08 d=3.20703e+00
-1.250318079868601 0.9812339451566956 0.009929850159374547
-0.008420387985286968 -0.01073655848552972 -3.5052329085906314e-05
0.0 0.0 0.0
     100 m=3.46598e-08 d=3.20634e+00
0.13316754710308432 1.5974374566914789 -0.0003014158514051176
-0.013509503769240587 0.001188195225607442 0.0001087619934040277
0.0 0.0 0.0
     101 m=3.44098e-08 d=3.20566e+00
0.5615296135711622 -1.5089318445213635 -5.337441712520815e-05
0.012687855224155184 0.00471416884524152 -2.5565732793121285e-05
0.0 0.0 0.0
     102 m=3.41640e-08 d=3.20498e+00
1.570787297820124 -0.40303166789085665 0.0014106503860332879
0.003392249545307659 0.013036009557170124 3.825812960302475e-05
0.0 0.0 0.0
     103 m=3.39222e-08 d=3.20431e+00
-1.6170736346414252 -0.04411300408978791 0.0031843016851480985
0.0003862809511722921 -0.013530119023834455 1.6660655036867903e-06
0.0 0.0 0.0
     104 m=3.36844e-08 d=3.20365e+00
1.1289530760131838 -1.1818718095706444 0.007117961131639832
0.009690791242975332 0.009295228694354228 4.988971106515219e-05
0.0 0.0 0.0
     105 m=3.34504e-08 d=3.20299e+00
1.6322350404767738 0.2000320010437342 0.0026292432873839195
-0.0015602503889976943 0.01328584090609968 8.370154219986852e-05
0.0 0.0 0.0
     106 m=3.32202e-08 d=3.20234e+00
-0.4222600055496669 1.588759992460449 0.008482260234168478
-0.012958777141259129 -0.003458917492219841 -6.0766197621732164e-05
0.0 0.0 0.0
     107 m=3.29937e-08 d=3.20169e+00
-1.5039147428017485 -0.6906170988987584 -0.0041583139800892704
0.00561659108822718 -0.012115248774360547 -7.268842445360468e-05
0.0 0.0 0.0
     108 m=3.27707e-08 d=3.20105e+00
-1.4529236863742017 0.8089231788198589 0.001329784978334262
-0.006431256711804565 -0.011664157102505486 -2.0864785842831016e-05
0.0 0.0 0.0
     109 m=3.25512e-08 d=3.20042e+00
-1.6392978761399764 0.2906238721950316 -0.004347611119725082
-0.0023760100626622985 -0.013120716565414225 3.286221479467367e-06
0.0 0.0 0.0
     110 m=3.23351e-08 d=3.19979e+00
1.5021491573062116 0.7495136590371887 -0.0008884267567948632
-0.005974003306685209 0.01183026536839217 2.447301363881054e-05
0.0 0.0 0.0
     111 m=3.21224e-08 d=3.19917e+00
-0.4876889416760932 -1.620173790164342 3.9293187907485285e-05
0.01260437724985221 -0.003846466189035385 -6.9434105949179165e-06
0.0 0.0 0.0
     112 m=3.19128e-08 d=3.19855e+00
-1.5375457556974268 0.6860278435856756 -0.0112177929191034
-0.005357920445779972 -0.01214280464192149 -1.8147940374487373e-05
0.0 0.0 0.0
     113 m=3.17065e-08 d=3.19794e+00
-1.0505449482659766 -1.3383587097549035 -0.003045850145641861
0.010348214231229745 -0.008133675405409121 7.05261821191108e-05
0.0 0.0 0.0
     114 m=3.15032e-08 d=3.19733e+00
-0.7398207684865795 -1.529621455242079 -0.0004691206779355128
0.011867248547913564 -0.0057989677190507195 -5.524920128478795e-05
0.0 0.0 0.0
     115 m=3.13029e-08 d=3.19673e+00
0.8526036401928812 -1.470787020366922 -0.0035940002824542093
0.011389815912760663 0.006728927727262409 8.932185830911242e-05
0.0 0.0 0.0
     116 m=3.11056e-08 d=3.19613e+00
-1.627268785559281 0.524042274148018 0.0002552621616842663
-0.004050957091007171 -0.012545657011762806 -1.4830576583690675e-08
0.0 0.0 0.0
     117 m=3.09112e-08 d=3.19554e+00
-1.5749207913351744 0.6738578300294742 -0.00024078781626967133
-0.005159188512779496 -0.012132866855288638 1.8437800983486026e-05
0.0 0.0 0.0
     118 m=3.07195e-08 d=3.19495e+00
-1.7392756010378296 0.12230228564057438 -0.0011645599664230552
-0.0009407002661634203 -0.012945902397113407 -2.5520181178305245e-05
0.0 0.0 0.0
     119 m=3.05306e-08 d=3.19437e+00
0.6019102598813784 -1.6439694069155386 -0.0004487410996766748
0.012174065566518228 0.004426265830464156 4.9955657324762125e-05
0.0 0.0 0.0
     120 m=3.03445e-08 d=3.19380e+00
1.7182844399357333 0.3072947240135514 -0.014014899587429687
-0.0022885604332936104 0.01281575362841434 1.3187928057368714e-05
0.0 0.0 0.0
     121 m=3.01609e-08 d=3.19322e+00
-1.6774952989051415 0.4997866960603727 0.008629957114111348
-0.003706421975636969 -0.012469829910343634 -7.016956029006182e-05
0.0 0.0 0.0
     122 m=2.99799e-08 d=3.19269e+00
0.8296430154328536 -1.5476023233502112 0.008704132152215176
0.011447357136412041 0.006147836057843352 3.1252225666064304e-05
0.0 0.0 0.0
     123 m=2.98014e-08 d=3.19224e+00
1.7608796528649533 0.20070778468154338 0.0013818822385133754
-0.0013896780159458211 0.01282472003551341 4.234719027032654e-05
0.0 0.0 0.0
     124 m=2.96254e-08 d=3.19181e+00
-1.280651059147118 -1.2281382528684452 -0.005660534616527057
0.008892873846327462 -0.009358672692492168 6.323034721857108e-05
0.0 0.0 0.0
     125 m=2.94518e-08 d=3.19137e+00
-1.6619190729620181 0.6509480052933442 -0.0022359910442936995
-0.004690657729913785 -0.0119734857655477 -3.5914817280203797e-06
0.0 0.0 0.0
     126 m=2.92805e-08 d=3.19094e+00
-1.3480956578563787 -1.1542136301143946 0.011711169958917442
0.008423425594331166 -0.009846030952928445 -5.470511987681637e-05
0.0 0.0 0.0
     127 m=2.91116e-08 d=3.19051e+00
1.5960507684280782 -0.8484297674803247 -0.0007864977159089128
0.005995117782807394 0.011249265496897578 -7.73266773932764e-06
0.0 0.0 0.0
     128 m=2.89449e-08 d=3.19009e+00
-0.5082607667689418 -1.7307810771665093 0.01024837439218511
0.012273026500152696 -0.003626333070150819 -4.842499547684858e-05
0.0 0.0 0.0
     129 m=2.87804e-08 d=3.18966e+00
0.23433180170906834 -1.7970126936900566 -0.004085190484962459
0.012655351373089041 0.00165222287289776 7.678394593785612e-05
0.0 0.0 0.0
     130 m=2.86181e-08 d=3.18924e+00
1.803251399190974 -0.27604121801781156 0.005316519863306583
0.0018834900947923118 0.012562147541717734 -1.9517746864505377e-05
0.0 0.0 0.0
     131 m=2.84579e-08 d=3.18883e+00
-1.391004148170109 -1.163607912811228 -0.014079190678028295
0.008158423012798177 -0.009864825480685579 -3.443389072880767e-05
0.0 0.0 0.0
     132 m=2.82998e-08 d=3.18842e+00
-0.554639782625524 -1.7417302760746243 0.00788493231189449
0.012101792922429787 -0.003931846196829416 6.638561272253861e-05
0.0 0.0 0.0
     133 m=2.81437e-08 d=3.18801e+00
-1.6097854300132595 -0.844315470764829 0.003044574085751238
0.005927666556705041 -0.011365805234030215 -5.477876906735776e-05
0.0 0.0 0.0
     134 m=2.79896e-08 d=3.18760e+00
-1.6611501064027738 -0.786419264069442 -0.00917214258790991
0.0054044315097566435 -0.01149487313702632 -3.1413217147573996e-05
0.0 0.0 0.0
     135 m=2.78374e-08 d=3.18720e+00
-1.1937810087643161 -1.3983115732997224 -0.002093861540839874
0.009711438433738047 -0.008215577414429062 5.376408828456713e-06
0.0 0.0 0.0
     136 m=2.76872e-08 d=3.18680e+00
1.5621951102479574 -1.0075888024605248 -0.014248123865299766
0.0068098404352156736 0.010605398093585416 -1.7619032370953623e-05
0.0 0.0 0.0
     137 m=2.75389e-08 d=3.18640e+00
-1.6483285430725128 0.8701153071937887 0.005208730355423582
-0.005949790437475068 -0.011098737124925524 3.0790490407422104e-05
0.0 0.0 0.0
     138 m=2.73924e-08 d=3.18600e+00
1.3522302307262657 -1.2960785600655453 -0.015963366989478034
0.008641403308055937 0.009105404044790344 2.3589352559473668e-05
0.0 0.0 0.0
     139 m=2.72477e-08 d=3.18561e+00
1.2439903094997349 1.4113877747299537 0.006045516926122238
-0.009423223655878653 0.00824342226896189 -6.992355750581356e-05
0.0 0.0 0.0
     140 m=2.71047e-08 d=3.18522e+00
-1.3120851033101524 1.3501380137189924 -0.0027987165732126927
-0.008963795481811815 -0.008760240751467018 -1.2429522180489359e-05
0.0 0.0 0.0
     141 m=2.69635e-08 d=3.18486e+00
1.5250285149308112 1.1244902379058181 0.0016283020167348118
-0.007347153829166698 0.010081996642784263 -4.1865568468489166e-05
0.0 0.0 0.0
     142 m=2.68241e-08 d=3.18452e+00
0.3722946726129086 -1.8718960451260256 0.004068233033912853
0.012176664379451675 0.0023755308400558563 7.428794705869002e-06
0.0 0.0 0.0
     143 m=2.66863e-08 d=3.18419e+00
0.4684062668776288 -1.8421733091996824 0.007914679545904824
0.012096720700144196 0.0030633106478409828 2.176068124626742e-05
0.0 0.0 0.0
     144 m=2.65501e-08 d=3.18386e+00
1.898606525981977 -0.055754977351443524 0.001196674396172439
0.0003557902131487633 0.012503790757278139 1.0462744716208818e-05
0.0 0.0 0.0
     145 m=2.64155e-08 d=3.18353e+00
-0.4986423349989825 1.8532113613432608 0.008383668534873497
-0.011998529151566894 -0.0031347931354920706 -5.719423348203083e-05
0.0 0.0 0.0
     146 m=2.62825e-08 d=3.18321e+00
-0.24922538090029306 1.888064275088404 -6.729441231249439e-05
-0.012408338222480796 -0.0016515449018838608 3.146828196162809e-06
0.0 0.0 0.0
     147 m=2.61511e-08 d=3.18288e+00
-1.115259682322337 -1.583920211362165 0.0096500690333712
0.010120865794718312 -0.007037009116597451 -6.276340946189346e-05
0.0 0.0 0.0
     148 m=2.60212e-08 d=3.18256e+00
1.8998808773339018 -0.3654663032602319 -0.0015489049099260482
0.0022493189270977407 0.012157125768564066 -8.139081294835861e-06
0.0 0.0 0.0
     149 m=2.58928e-08 d=3.18225e+00
-0.4467135478856903 -1.8908470218500153 0.00847444837911607
0.01199955659904596 -0.0028421981304676746 4.378531904832616e-06
0.0 0.0 0.0
     150 m=2.57658e-08 d=3.18193e+00
-1.847214439632174 0.6435240939297405 0.007484764696671093
-0.00404021037746748 -0.011583921897663777 3.070374407207411e-05
0.0 0.0 0.0
     151 m=2.56403e-08 d=3.18161e+00
0.49081843215278737 1.8903483871895206 0.0012759286497761467
-0.011920284825940363 0.0030643241779208987 1.4102186249682265e-05
0.0 0.0 0.0
     152 m=2.55163e-08 d=3.18130e+00
1.5975281872111777 -1.1314386605339397 -0.010082985737398095
0.007083488070636317 0.010053800864990275 -6.633207289707259e-05
0.0 0.0 0.0
     153 m=2.53936e-08 d=3.18099e+00
1.7723007170304825 0.8617982577874825 0.0007809289225817015
-0.005437439809644153 0.010962248979276225 -8.310566775752424e-06
0.0 0.0 0.0
     154 m=2.52723e-08 d=3.18068e+00
1.9002521832390968 0.5319098334803245 -0.00476265629444787
-0.003310819282859967 0.011784015223516665 -4.704805969412794e-06
0.0 0.0 0.0
     155 m=2.51523e-08 d=3.18037e+00
-0.13386708081291232 -1.9740670588948526 0.009431294597281868
0.012195112466164065 -0.0008775028364463094 -4.641227086942566e-05
0.0 0.0 0.0
     156 m=2.50336e-08 d=3.18007e+00
1.9426046173052465 -0.39291696802508225 0.01409341039534915
0.002437800301956408 0.011979651923646816 -2.0723484690531713e-05
0.0 0.0 0.0
     157 m=2.49163e-08 d=3.17977e+00
1.6695739964099579 1.086226643730324 -0.006722113807940699
-0.0066313130023868865 0.010221098079439321 -3.257068034459973e-05
0.0 0.0 0.0
     158 m=2.48002e-08 d=3.17947e+00
-1.5331533013862875 -1.2844460301406346 0.0024625068158099527
0.007895022373668811 -0.009238530272845743 -1.1397002191510455e-05
0.0 0.0 0.0
     159 m=2.46853e-08 d=3.17917e+00
-0.8964684734852028 -1.7824137529151156 -0.002050662485818741
0.010881885783197147 -0.005518689370738228 -5.504548202830234e-06
0.0 0.0 0.0
    1000 m=9.55110e-04 d=1.32600e+00
-3.9221051541650103 3.615076175903113 -0.005799421994959031
-0.00521031798875617 -0.005195858472560751 -4.601181812421322e-05
0.0 0.0 0.0
    1001 m=2.85730e-04 d=6.87000e-01
-7.966838880651688 -5.799353977407862 0.15319269778096606
0.0029620957515577194 -0.0045172613406566356 6.08235514644637e-06
0.0 0.0 0.0
