)O+_05 Big-body initial data  (WARNING: Do not delete this line!!)
) Lines beginning with `)' are ignored.
)---------------------------------------------------------------------
 style (Cartesian, Asteroidal, Cometary) =  Cartesian
 epoch (in days) =  0.0
)---------------------------------------------------------------------
       1 m=2.35461e-07 d=3.49659e+00
-0.4449969109751754 -0.12374558774843275 -0.009950021862489456
0.004616445852592676 -0.024182758004773222 -0.002095665048153189
0.0 0.0 0.0
       2 m=6.56889e-07 d=3.94288e+00
-0.4479360031106546 -0.5354586002338931 0.0010037935893465876
0.015268503966371205 -0.013725146497282143 1.4791302964024356e-05
0.0 0.0 0.0
       3 m=4.69748e-07 d=3.76408e+00
0.9203164524874876 -0.19096156668472397 0.01626600427074551
0.004447979915512873 0.016579388781920276 0.00032367017083894447
0.0 0.0 0.0
       4 m=3.73998e-07 d=3.66039e+00
0.8439830419747156 0.6021355646632672 -0.020510396683181012
-0.010288322616798497 0.013249969911332133 0.0013120511637573894
0.0 0.0 0.0
       5 m=3.14189e-07 d=3.58113e+00
-1.014974912224146 -0.4483615117128097 0.06682338251512744
0.007404183964333959 -0.014882566527852956 -0.0001981074576730395
0.0 0.0 0.0
       6 m=2.72823e-07 d=3.53303e+00
1.2425764859172777 0.19896554122023835 -0.0013313120457283008
-0.002564207547809132 0.015186892144276454 -0.00016286959818570155
0.0 0.0 0.0
       7 m=2.42286e-07 d=3.50359e+00
-0.5390136324439426 1.2493529172132778 0.0005961878729599393
-0.013757692677745393 -0.005507951151785807 -0.0001331881041469867
0.0 0.0 0.0
       8 m=2.18699e-07 d=3.47852e+00
-0.9898038792194102 1.1615942962424912 -0.0711000480257143
-0.010615731962434127 -0.00856747459101681 -0.00041679197241992417
0.0 0.0 0.0
       9 m=1.99859e-07 d=3.45829e+00
-0.9238726805338017 1.0856005913442845 -0.006397676069529974
-0.011404477361210474 -0.009771421245295142 -0.00048269698994777335
0.0 0.0 0.0
      10 m=1.84419e-07 d=3.44152e+00
1.4010144126427602 0.986527912890763 0.06292439047820715
-0.007268149176715834 0.010611261195499405 -0.000477683641338501
0.0 0.0 0.0
      11 m=1.71505e-07 d=3.42637e+00
-0.7284169862734534 -1.555282644944502 0.0023086990724548347
0.01192192245629779 -0.0056076060040182495 -5.3135936976752275e-05
0.0 0.0 0.0
      12 m=1.60521e-07 d=3.41256e+00
1.7547159762015805 -0.6667773741978905 -0.03797126829581888
0.0050047248533294925 0.011226362968598143 0.0007057424621092818
0.0 0.0 0.0
      13 m=1.51050e-07 d=3.39988e+00
1.8948910662155258 0.02470753275306481 0.1329290360387202
-0.00023941814896485947 0.012423185744213623 -5.0559367387818614e-05
0.0 0.0 0.0
      14 m=1.42789e-07 d=3.38958e+00
-1.9410992154237268 0.2562903744979442 -0.01607456012468348
-0.00141365576016798 -0.012188021894732509 0.0005964951294336645
0.0 0.0 0.0
      15 m=1.35511e-07 d=3.38016e+00
1.2132437746136384 1.6348870452014035 0.11192061653794955
-0.009351807432832995 0.007501961345788398 -0.0005959106779768196
0.0 0.0 0.0
      16 m=3.50565e-09 d=3.10507e+00
-0.262241190072866 0.18487183112934016 0.013236774283917466
-0.017386003217464533 -0.024807551313369255 0.0018801796318724405
0.0 0.0 0.0
      17 m=1.01789e-08 d=3.13377e+00
-0.23037064371805732 0.27901145176193076 0.023624052403673868
-0.021998117213610318 -0.01809910048752058 -0.0010920176274833951
0.0 0.0 0.0
      18 m=1.62328e-08 d=3.15429e+00
0.2398227452423817 0.3035379007978273 -0.02001800667358776
-0.02076523696800589 0.01870047667029897 0.0015308049932570645
0.0 0.0 0.0
      19 m=2.17849e-08 d=3.17111e+00
0.37452611288215204 0.20635969957420042 0.008071957846548055
-0.012683040545885642 0.023143836865342545 0.0005399183416318209
0.0 0.0 0.0
      20 m=2.69393e-08 d=3.18480e+00
0.4277147478912986 -0.12372032028880309 -0.018616763892911177
0.00583926390200761 0.02555337850723808 -0.00013227967396156636
0.0 0.0 0.0
      21 m=3.17699e-08 d=3.19813e+00
0.3977175090329636 -0.27353392178105695 0.01971874195947316
0.01534632203163427 0.01964949171461528 -0.0005976553143652911
0.0 0.0 0.0
      22 m=3.63309e-08 d=3.21078e+00
-0.285501061615285 -0.40684217913987303 -0.0013167732629179138
0.020201902317397276 -0.014538912985476018 0.00016382078689017584
0.0 0.0 0.0
      23 m=4.06627e-08 d=3.22141e+00
0.5759193034549279 -0.11395829365864744 0.000644015087524299
0.004919823784090021 0.020970736542330875 0.00042331615726726927
0.0 0.0 0.0
      24 m=4.47968e-08 d=3.23055e+00
-0.5718527437712314 0.03621577542972794 0.005795444796324467
-0.0004368974862883849 -0.022624849594980262 -0.0007318610839676128
0.0 0.0 0.0
      25 m=4.87579e-08 d=3.23854e+00
-0.412751540771733 0.4033728632021487 0.0006539175387817532
-0.01563203590633483 -0.016786406873814597 -1.5396893842488784e-05
0.0 0.0 0.0
      26 m=5.25661e-08 d=3.24564e+00
-0.6223591590731529 0.01375437335144529 -0.021677321506289822
-0.00046877039522409117 -0.021651746765331104 0.0005729541553980524
0.0 0.0 0.0
      27 m=5.62378e-08 d=3.25201e+00
0.37821808402256124 0.5147164656823607 0.051980151837262095
-0.017046828178873926 0.012990070055523169 -6.282839259379798e-05
0.0 0.0 0.0
      28 m=5.97867e-08 d=3.25778e+00
-0.6261021893919771 -0.268670977394549 -0.04850288157104352
0.008344411534535946 -0.018617044399024403 0.0010381451279485407
0.0 0.0 0.0
      29 m=6.32245e-08 d=3.26521e+00
-0.06487235205401587 -0.6722553098161366 0.006849687670560467
0.02089390075454231 -0.0018971502460367658 0.0007534055508864599
0.0 0.0 0.0
      30 m=6.65783e-08 d=3.27225e+00
0.5055407588218248 -0.40524260993353267 0.017998358167514147
0.013310846949346937 0.017673375657339986 0.0007500736890589147
0.0 0.0 0.0
      31 m=6.40055e-08 d=3.26688e+00
-0.7679799987612768 -0.12042871513788524 -0.048256573359760184
0.003370191631890734 -0.018334455254860556 0.0009325456081728308
0.0 0.0 0.0
      32 m=6.15566e-08 d=3.26157e+00
-0.4042315560879542 0.6258221893684561 -0.0122257703789329
-0.016772567334970564 -0.010568562754382737 0.0005807300929108823
0.0 0.0 0.0
      33 m=5.93158e-08 d=3.25704e+00
-0.7290964403697606 0.19890031299450348 -0.014525312107771186
-0.005240773812787612 -0.01908845805252469 -2.9816071974869424e-05
0.0 0.0 0.0
      34 m=5.72566e-08 d=3.25370e+00
-0.22155473404544185 -0.7710289561316428 0.025075262340599935
0.018200749429899354 -0.004829045341953451 -0.0008704534364715977
0.0 0.0 0.0
      35 m=5.53568e-08 d=3.25052e+00
0.7184351341593077 -0.2682465837379764 0.015005728622981399
0.007456535853420299 0.018490187390043093 0.0007571380740757407
0.0 0.0 0.0
      36 m=5.35979e-08 d=3.24747e+00
0.57025420457289 -0.5579953799900604 -0.039431396877120176
0.012363821398362567 0.014909424410036499 0.0003959095030165079
0.0 0.0 0.0
      37 m=5.19641e-08 d=3.24455e+00
-0.7496295477050671 -0.32299826501719914 0.026752893928871122
0.006760551297376075 -0.017865813791587387 -0.0012910555381132028
0.0 0.0 0.0
      38 m=5.04420e-08 d=3.24175e+00
-0.7864328108072558 0.3586908426469748 0.027617962647452546
-0.0069090801208635585 -0.016896182094069123 0.00022467162885028702
0.0 0.0 0.0
      39 m=4.90200e-08 d=3.23905e+00
0.8672095532728488 -0.19690892835861132 -0.019099519997237656
0.002673308219235654 0.017691854190972207 -0.0008728513371683305
0.0 0.0 0.0
      40 m=4.76882e-08 d=3.23645e+00
-0.1125039900459151 -0.8123727704857083 0.0033874850605471966
0.019260479318114067 -0.0035320929746327744 -4.929034919050932e-05
0.0 0.0 0.0
      41 m=4.64378e-08 d=3.23394e+00
-0.8935062852378727 0.2176815998101343 -0.025246249100884154
-0.004046909305095045 -0.01716406663204646 -0.00027419761290941116
0.0 0.0 0.0
      42 m=4.52614e-08 d=3.23152e+00
-0.6150293462475926 0.7635223222992202 -0.01472634118784116
-0.012661208062138784 -0.010742091955793417 0.0011278897444161342
0.0 0.0 0.0
      43 m=4.41522e-08 d=3.22918e+00
-0.027459056099665008 -0.9094943108654082 0.05603535131865308
0.01801700810975025 -0.0017633852452198944 0.00047323738432699866
0.0 0.0 0.0
      44 m=4.31045e-08 d=3.22691e+00
0.6135153067503644 0.6869884727416927 0.013442595239440889
-0.012643594523466715 0.01288841469051271 -0.0006021254805547642
0.0 0.0 0.0
      45 m=4.21130e-08 d=3.22472e+00
0.8316763692591782 -0.4662857235130105 -0.00317817805734084
0.009304518940683942 0.014925634742758941 0.0002759183192978753
0.0 0.0 0.0
      46 m=4.11732e-08 d=3.22259e+00
-0.6036783091459573 0.8382463190618383 0.025577264919012046
-0.012586201018468324 -0.010349615959260292 -0.0007673582122939931
0.0 0.0 0.0
      47 m=4.02808e-08 d=3.22052e+00
-0.965349296299229 0.39129377123367065 -0.0026749605196602637
-0.0061727779075917075 -0.015090622507809778 -0.0003917794385806995
0.0 0.0 0.0
      48 m=3.94324e-08 d=3.21851e+00
-0.5428323612854108 -0.900021832707644 -0.01240436045663466
0.013340574527815379 -0.009307457964201475 -0.0007191295155255744
0.0 0.0 0.0
      49 m=3.86245e-08 d=3.21656e+00
0.5641433150392859 0.7827220917382036 -0.03357998577337108
-0.015060019605707969 0.009611069847505791 7.05042963490823e-05
0.0 0.0 0.0
      50 m=3.78542e-08 d=3.21466e+00
0.8814203412539843 0.47962598895356723 0.030161216054963982
-0.00810361726895081 0.015294521034908413 -5.8563875194398807e-05
0.0 0.0 0.0
      51 m=3.71188e-08 d=3.21281e+00
0.9315338216652572 0.2369510626139974 0.06919790270856244
-0.005534668915765983 0.017224676882926362 0.0008070403776806725
0.0 0.0 0.0
      52 m=3.64159e-08 d=3.21100e+00
-0.036665378080074196 -1.0177389318473746 -0.010887552844241834
0.017259228474378493 0.0007619208179136276 0.00032934044791520944
0.0 0.0 0.0
      53 m=3.57433e-08 d=3.20925e+00
-0.9939283457039908 0.3684841199303819 -0.03843402151382207
-0.006200472975819722 -0.015506573725544811 -3.066449653097666e-05
0.0 0.0 0.0
      54 m=3.50990e-08 d=3.20753e+00
0.08471372753188192 -1.0590673416158387 0.0007073494008630076
0.016759716062482166 0.0006371660446124606 0.0002596214329326267
0.0 0.0 0.0
      55 m=3.44811e-08 d=3.20585e+00
0.7917437265847471 0.886895233181604 -0.0029623735198421224
-0.010899170219200194 0.010321736856833144 -0.00019001570219338894
0.0 0.0 0.0
      56 m=3.38881e-08 d=3.20422e+00
0.953801725682809 0.5500526827007752 0.03364589931213338
-0.008131288743517446 0.014194883585791265 -0.0005922435906120296
0.0 0.0 0.0
      57 m=3.33183e-08 d=3.20262e+00
0.41746723140525005 -1.0249720583069095 0.050766858542901035
0.015110950951136883 0.006291070857220535 -7.287108926777835e-06
0.0 0.0 0.0
      58 m=3.27704e-08 d=3.20105e+00
-1.0742945336702816 -0.18593176608437567 0.008508370571405566
0.0036426380219960718 -0.016313883456637222 -0.0002315567913466922
0.0 0.0 0.0
      59 m=3.22431e-08 d=3.19952e+00
0.8317194614356855 -0.7867642013443268 0.043669348119486105
0.010684628768984445 0.011891596153987896 0.0006871107933810602
0.0 0.0 0.0
      60 m=3.17351e-08 d=3.19802e+00
0.8456759547609178 -0.9061404737653012 0.0761462623768958
0.010300811563153841 0.010584206205615778 -0.0008290969844100394
0.0 0.0 0.0
      61 m=3.12455e-08 d=3.19656e+00
-0.8765658160440026 0.6673947192700088 -0.009867994486534169
-0.010573462580155502 -0.013046512347428131 0.00020561258516935165
0.0 0.0 0.0
      62 m=3.07731e-08 d=3.19512e+00
1.116288450205873 -0.5835737720681152 0.028088954160004113
0.006896090735299486 0.013022813746479794 -0.00020727938773230833
0.0 0.0 0.0
      63 m=3.03170e-08 d=3.19371e+00
0.8207433475004807 -0.8663384742956963 0.05971453022096976
0.011475558713859088 0.010600866348424921 -0.001097581744509269
0.0 0.0 0.0
      64 m=2.98764e-08 d=3.19243e+00
-1.1696885159121504 0.3640852504512873 -0.02605490953061894
-0.005351597427650499 -0.014377662874262261 0.00019211447333522237
0.0 0.0 0.0
      65 m=2.94505e-08 d=3.19137e+00
-0.47756335633957814 -1.0768456699969848 -0.014236058605598678
0.014171304169421771 -0.007502521873776191 8.753218791772023e-05
0.0 0.0 0.0
      66 m=2.90384e-08 d=3.19032e+00
-0.2766495527809021 -1.1310048621842497 -0.006068474990146223
0.015794639870436743 -0.003982214310317703 -4.444770547599892e-05
0.0 0.0 0.0
      67 m=2.86396e-08 d=3.18930e+00
-0.5113946510815184 1.059361160605987 -0.06006574301562237
-0.014903969097038986 -0.006273509705062698 0.0004968059270262524
0.0 0.0 0.0
      68 m=2.82533e-08 d=3.18830e+00
-1.2367789977689685 -0.04856396876729163 -0.05337817377463706
0.0006369370919433095 -0.015451361757036259 8.013996573731874e-05
0.0 0.0 0.0
      69 m=2.78790e-08 d=3.18731e+00
0.40602055929528286 -1.1804440188339256 0.030880416324990993
0.014758869807140362 0.004419068599070372 -0.0003997645173551335
0.0 0.0 0.0
      70 m=2.75161e-08 d=3.18634e+00
1.3007448881147121 -0.04248050720995655 0.01136418116716106
0.0018767491968040033 0.01472310832839312 -0.00023187396378790485
0.0 0.0 0.0
      71 m=2.71639e-08 d=3.18538e+00
0.7419836192606575 -1.0490707875037617 0.010249722516689156
0.012782050875664109 0.008049948444477529 -7.891304001797565e-05
0.0 0.0 0.0
      72 m=2.68222e-08 d=3.18452e+00
-0.4047674692069184 -1.2592617578377079 0.07171169711392869
0.014005617367297574 -0.004406031694494253 0.0008824809292021468
0.0 0.0 0.0
      73 m=2.64902e-08 d=3.18372e+00
0.19746909593382134 1.2721009738067137 -0.08015125857254075
-0.014821479083240113 0.003232808945029346 -0.0004370687783899088
0.0 0.0 0.0
      74 m=2.61678e-08 d=3.18293e+00
-1.256203271147396 0.23715815062401663 -0.023075600885386776
-0.004090393793049367 -0.014812220249225965 -0.00026929351640990256
0.0 0.0 0.0
      75 m=2.58543e-08 d=3.18215e+00
-1.2284619289008363 -0.534633293137317 0.006956454952088138
0.006083172255353511 -0.013411741532296732 -7.214316499964061e-05
0.0 0.0 0.0
      76 m=2.55494e-08 d=3.18138e+00
0.6656997805532389 1.1303407870413957 -0.019670549150266746
-0.012833837786282868 0.00788315202945583 -0.0010832460976583965
0.0 0.0 0.0
      77 m=2.52528e-08 d=3.18063e+00
0.09834009691699819 -1.2903203504780631 0.027014334689479485
0.015293581654896955 0.0014121981646497903 5.1954701576171965e-05
0.0 0.0 0.0
      78 m=2.49642e-08 d=3.17989e+00
1.0250615811999921 -0.9880825020892017 -0.017605164861813443
0.009589826284543832 0.010199251669210386 3.6157206299741456e-05
0.0 0.0 0.0
      79 m=2.46831e-08 d=3.17916e+00
-1.1985658975067257 -0.5478770355958977 1.5069210101297512e-05
0.006537909668002568 -0.013723442474712341 4.7830859754844356e-06
0.0 0.0 0.0
      80 m=2.44093e-08 d=3.17844e+00
0.3774003130200621 1.2826985885636084 0.023153878987908175
-0.014707168267789039 0.0031280396508836803 0.00029409442174152496
0.0 0.0 0.0
      81 m=2.41424e-08 d=3.17773e+00
0.821097265603431 -1.0974653658865825 -0.05098577407940035
0.01182979989028335 0.008751285607212214 0.0003887276056267492
0.0 0.0 0.0
      82 m=2.38823e-08 d=3.17703e+00
1.4858777119574056 -0.257097625174432 0.10778236064245716
0.002832343262834312 0.013037123916610553 -0.00046410282601709124
0.0 0.0 0.0
      83 m=2.36286e-08 d=3.17635e+00
0.6817614125590226 1.2314170810463112 0.023668756402812616
-0.01268786156158892 0.006894419236130834 0.00037264236981067076
0.0 0.0 0.0
      84 m=2.33811e-08 d=3.17567e+00
0.5735643490204708 -1.1941397753154896 -0.08477507393586081
0.013910416978125995 0.006485620324528355 1.982938732270981e-05
0.0 0.0 0.0
      85 m=2.31396e-08 d=3.17500e+00
1.3652982943799121 -0.39998397059749147 -0.08299162323787904
0.004141733850708841 0.013756639229120522 0.00025724052051439737
0.0 0.0 0.0
      86 m=2.29039e-08 d=3.17434e+00
1.5206141306849097 0.28633221006752585 -0.006861818392183847
-0.0026991236853724098 0.012952387418933748 -0.00016171445853746758
0.0 0.0 0.0
      87 m=2.26736e-08 d=3.17369e+00
-0.7118006850395919 -1.1142014804629412 -0.042214661674864214
0.012879797461324513 -0.008687233014415839 -0.00016436585554875457
0.0 0.0 0.0
      88 m=2.24487e-08 d=3.17304e+00
1.4397941897718176 -0.22797718792258764 -0.001296301455775032
0.0013588474035328992 0.014122173580233327 -0.00025456286564540123
0.0 0.0 0.0
      89 m=2.22289e-08 d=3.17241e+00
0.690334907699983 1.3438492122140047 0.10808888610566396
-0.012122121011791095 0.0063454634193737935 -0.0004655770969545038
0.0 0.0 0.0
      90 m=2.20141e-08 d=3.17178e+00
1.5012946672368805 0.2841543567914414 0.029137355090359765
-0.0021484404163751095 0.013440491964831512 -7.995672878333371e-05
0.0 0.0 0.0
      91 m=2.18041e-08 d=3.17117e+00
1.2489002350641278 -0.9149905509411015 0.0882011307748227
0.008443892672370827 0.010469758879268914 0.00015180389329755273
0.0 0.0 0.0
      92 m=2.15987e-08 d=3.17056e+00
-1.0305787445936594 0.9711762187639703 -0.018984852017386096
-0.010607745537670165 -0.010292047357702313 -2.253175609621826e-05
0.0 0.0 0.0
      93 m=2.13977e-08 d=3.16995e+00
0.4812671070074691 1.4185150100432526 -0.0628888543216618
-0.013274431347862096 0.004470485762213623 -0.0005882063098835187
0.0 0.0 0.0
      94 m=2.12010e-08 d=3.16936e+00
-1.4118554050902403 0.5321546988240207 0.09361643124346965
-0.0040497623604311625 -0.01332252007967453 0.0007829845377865099
0.0 0.0 0.0
      95 m=2.10086e-08 d=3.16877e+00
-1.2753408445297862 0.8342342493164911 -0.03852646250288188
-0.007653157739464029 -0.011569177801798768 0.00011197633200135901
0.0 0.0 0.0
      96 m=2.08201e-08 d=3.16827e+00
1.326634182220534 -0.5864186186025215 0.00015619363155635192
0.0066829644205622755 0.01298994789158583 -4.401765654886697e-05
0.0 0.0 0.0
      97 m=2.06356e-08 d=3.16777e+00
0.8894210976682361 -1.2904949019767487 0.04788645204089979
0.010945061449683309 0.00796333455980782 -0.0008667877427905085
0.0 0.0 0.0
      98 m=2.04548e-08 d=3.16727e+00
-0.8405303175959129 1.2869864610824928 -0.004788771680551304
-0.011617459229363143 -0.0075953549237541525 -0.0001404363678944912
0.0 0.0 0.0
      99 m=2.02776e-08 d=3.16679e+00
-1.215699524470201 0.9525048342376469 0.09660290032575156
-0.008506979035750085 -0.010896559218351412 -0.00035758061952561194
0.0 0.0 0.0
     100 m=2.01040e-08 d=3.16630e+00
0.13362438676482624 1.6043635154665619 -0.0030239995945341644
-0.013166583275889508 0.00172754793688531 0.0010650029483393793
0.0 0.0 0.0
     101 m=1.99339e-08 d=3.16582e+00
0.5633207401240142 -1.5137592797099129 -0.0005354196302411436
0.012503538693592352 0.004577552493923616 -0.0002515453512950857
0.0 0.0 0.0
     102 m=1.97670e-08 d=3.16535e+00
1.6086500509815866 -0.4129559347776131 0.01444542614308338
0.003671679295505302 0.01243831220533708 0.0003718801748845193
0.0 0.0 0.0
     103 m=1.96034e-08 d=3.16489e+00
-1.5565874186549076 -0.04244390384732932 0.03065583890899887
0.0005527299409711752 -0.013882443489315012 1.4024347180402713e-05
0.0 0.0 0.0
     104 m=1.94429e-08 d=3.16442e+00
1.1412451103398413 -1.196663350689448 0.07204378928158012
0.009264764014147091 0.009249572202686029 0.0004753867246532165
0.0 0.0 0.0
     105 m=1.92855e-08 d=3.16397e+00
1.6717262679908864 0.20403272277261963 0.02691185791895835
-0.0008905374292737704 0.012844184526106927 0.0008154193607017213
0.0 0.0 0.0
     106 m=1.91309e-08 d=3.16352e+00
-0.41681243485832364 1.5609870233488201 0.08341056583626133
-0.012985385056001615 -0.0035868422869990754 -0.0006172988083370525
0.0 0.0 0.0
     107 m=1.89793e-08 d=3.16307e+00
-1.5072051832545115 -0.6908908167082899 -0.041649388005320614
0.005940827475637428 -0.011750347300940711 -0.0007057907386821062
0.0 0.0 0.0
     108 m=1.88304e-08 d=3.16263e+00
-1.46066870231619 0.8131168661654653 0.013368018428253102
-0.005888593543826688 -0.011716265427986117 -0.00020924856344493978
0.0 0.0 0.0
     109 m=1.86842e-08 d=3.16219e+00
-1.6012655224467085 0.283826599391104 -0.042476712499616986
-0.002846985926270871 -0.013214496760482615 2.163141650020591e-05
0.0 0.0 0.0
     110 m=1.85407e-08 d=3.16175e+00
1.5186717512585057 0.7578494159044042 -0.008981783848383145
-0.0063637035194888305 0.011313241292736736 0.00024250382683332474
0.0 0.0 0.0
     111 m=1.83996e-08 d=3.16133e+00
-0.5085575384040927 -1.689506020239292 0.00040974470031448964
0.011811060002348068 -0.004085734102644261 -6.568865547896543e-05
0.0 0.0 0.0
     112 m=1.82611e-08 d=3.16090e+00
-1.4747715317225474 0.6588341602358311 -0.10777457960938946
-0.0050620665356748765 -0.01271259173745845 -0.00015382093423228755
0.0 0.0 0.0
     113 m=1.81250e-08 d=3.16048e+00
-1.068670569352392 -1.3627820372916457 -0.030991359051722563
0.01001000634072691 -0.007973000085836433 0.0006849327562987253
0.0 0.0 0.0
     114 m=1.79912e-08 d=3.16007e+00
-0.7158110375296556 -1.4797642404485307 -0.004537126757974085
0.01193941197799529 -0.006371360288259595 -0.0005672956186914889
0.0 0.0 0.0
     115 m=1.78597e-08 d=3.15965e+00
0.7941949768820135 -1.3678067613235128 -0.03341715304630232
0.01156893954268039 0.007975786158369913 0.0009682673197989986
0.0 0.0 0.0
     116 m=1.77304e-08 d=3.15924e+00
-1.5445002974860027 0.49738766579486166 0.0024227882759308606
-0.004322272926036503 -0.013084205550216953 -1.6583786224843866e-08
0.0 0.0 0.0
     117 m=1.76033e-08 d=3.15884e+00
-1.46480451986968 0.6267257693352574 -0.002239442573506326
-0.0052521422830327765 -0.013031279966431804 0.00019682730671046977
0.0 0.0 0.0
     118 m=1.74783e-08 d=3.15844e+00
-1.8273467669931853 0.12861454439762376 -0.01223475116737578
-0.0011627169737808626 -0.012184377210442772 -0.0002424544796291984
0.0 0.0 0.0
     119 m=1.73553e-08 d=3.15804e+00
0.632705365657466 -1.727816768443423 -0.004715219489295548
0.011561835535588752 0.003919294388978605 0.0004702103184315998
0.0 0.0 0.0
     120 m=1.72343e-08 d=3.15765e+00
1.6958382747419147 0.3039884262727476 -0.1386208734321655
-0.0022636538384005218 0.01287182770464982 0.00012991489078288188
0.0 0.0 0.0
     121 m=1.71153e-08 d=3.15726e+00
-1.6410224954445398 0.4865686776205135 0.08441734701172868
-0.0036993929346606303 -0.012663271868825703 -0.0007158978360876809
0.0 0.0 0.0
     122 m=1.69982e-08 d=3.15688e+00
0.8047527308071893 -1.503307599764325 0.08458375560295456
0.011660584900047554 0.00636989196840103 0.0003151852918622759
0.0 0.0 0.0
     123 m=1.68830e-08 d=3.15649e+00
1.7905303292164747 0.20385792077938414 0.014049098744260736
-0.0007099986580086102 0.012588883054575034 0.000418480275377254
0.0 0.0 0.0
     124 m=1.67695e-08 d=3.15612e+00
-1.2710680147166151 -1.2208428045998738 -0.05622009786570467
0.008493210811540936 -0.009728354710545799 0.0006151530224463721
0.0 0.0 0.0
     125 m=1.66578e-08 d=3.15574e+00
-1.6845375090206474 0.6598409405953014 -0.022665523446672657
-0.0046111475574536894 -0.011751839690901609 -3.5344750957092286e-05
0.0 0.0 0.0
     126 m=1.65479e-08 d=3.15537e+00
-1.2476979943471982 -1.0712472513231144 0.10864254694843785
0.00895625301388204 -0.010562043925284403 -0.0005818251854461874
0.0 0.0 0.0
     127 m=1.64396e-08 d=3.15500e+00
1.6886648568227773 -0.897689905683655 -0.008321417730917952
0.005735757946867372 0.010501889231211335 -7.311976096171451e-05
0.0 0.0 0.0
     128 m=1.63329e-08 d=3.15463e+00
-0.508858575825299 -1.739687797992612 0.10306416220592599
0.012079688687473205 -0.0037817264539254563 -0.00046802925335514363
0.0 0.0 0.0
     129 m=1.62279e-08 d=3.15427e+00
0.23887533602347674 -1.82231516012527 -0.04141294332780228
0.01240442463446471 0.0016302699873859627 0.0007539677669689358
0.0 0.0 0.0
     130 m=1.61244e-08 d=3.15391e+00
1.8735872145328036 -0.28638552909260195 0.05525040239926428
0.0014537571701733667 0.012076214952421688 -0.00019715392335304635
0.0 0.0 0.0
     131 m=1.60224e-08 d=3.15356e+00
-1.3214987661305093 -1.1031771417789649 -0.13389382322482427
0.008031743951633709 -0.010707260073090514 -0.00040970426858929197
0.0 0.0 0.0
     132 m=1.59220e-08 d=3.15320e+00
-0.5502422694807194 -1.7213147155871065 0.07796582399761506
0.011957361435155547 -0.004579625395750727 0.000696479342689468
0.0 0.0 0.0
     133 m=1.58229e-08 d=3.15285e+00
-1.4633642448627975 -0.768180883974014 0.02767584336152039
0.006225766692441086 -0.012523817413622452 -0.000593399975361201
0.0 0.0 0.0
     134 m=1.57254e-08 d=3.15250e+00
-1.6196493820046434 -0.7655664684330616 -0.08946880626840836
0.005250593872191655 -0.011868122809890658 -0.00033606407618803024
0.0 0.0 0.0
     135 m=1.56292e-08 d=3.15216e+00
-1.129000418222612 -1.3224951593534437 -0.019803716957983285
0.010555850388434717 -0.008255105762412025 6.245730817943506e-05
0.0 0.0 0.0
     136 m=1.55343e-08 d=3.15182e+00
1.5795639021229797 -1.0199941508607773 -0.1443906063653669
0.006498851424554046 0.010557923298950028 -0.00015549680243515763
0.0 0.0 0.0
     137 m=1.54408e-08 d=3.15148e+00
-1.6523510784354627 0.8729484214222438 0.05223205845194867
-0.006548507453641365 -0.010682683991494031 0.0003261298782233197
0.0 0.0 0.0
     138 m=1.53486e-08 d=3.15114e+00
1.3716889314671497 -1.3126850558794787 -0.16219017303956879
0.008069837671052483 0.0093038469204076 0.0002788295465885661
0.0 0.0 0.0
     139 m=1.52577e-08 d=3.15081e+00
1.274899612560518 1.4490442858260986 0.0620090214781443
-0.00941709027869835 0.007689020299154487 -0.0006927302895980681
0.0 0.0 0.0
     140 m=1.51680e-08 d=3.15048e+00
-1.3146887640442289 1.3530155708231093 -0.02804640392676115
-0.00870973560388283 -0.008956783313975581 -0.0001191300270411192
0.0 0.0 0.0
     141 m=1.50796e-08 d=3.15015e+00
1.5654830199625416 1.1546651477871575 0.016714014700209962
-0.006620387825512811 0.010162540704367132 -0.0004010605253204451
0.0 0.0 0.0
     142 m=1.49923e-08 d=3.14984e+00
0.395391194096555 -1.988673561697647 0.04322597810642828
0.01149493873642113 0.0018226647713720998 7.843535172826715e-05
0.0 0.0 0.0
     143 m=1.49062e-08 d=3.14960e+00
0.4659266716369991 -1.835178542376804 0.0788802771225805
0.012152400447250926 0.002968794302797007 0.0002226756122188508
0.0 0.0 0.0
     144 m=1.48213e-08 d=3.14936e+00
1.82274879348272 -0.0535749394809375 0.011488646072637838
0.00026768700797360915 0.013011269985568926 0.00010820682069925548
0.0 0.0 0.0
     145 m=1.47375e-08 d=3.14912e+00
-0.5091167038205132 1.8845901789935664 0.08530264189560471
-0.011953265030019262 -0.002267694293356559 -0.0005240886976342381
0.0 0.0 0.0
     146 m=1.46547e-08 d=3.14888e+00
-0.23016195127096215 1.7436389646693689 -0.0006214674483790885
-0.013374606781504227 -0.0019022977753460713 3.4001833895499624e-05
0.0 0.0 0.0
     147 m=1.45731e-08 d=3.14864e+00
-1.1611687921150506 -1.653505814734879 0.10069155940002426
0.010026119420482696 -0.0061804301201198834 -0.0006319730944287225
0.0 0.0 0.0
     148 m=1.44925e-08 d=3.14841e+00
1.9038900419543563 -0.36628947154807734 -0.015522028339190488
0.0014632437930675144 0.01225701173006996 -7.47278399936512e-05
0.0 0.0 0.0
     149 m=1.44129e-08 d=3.14817e+00
-0.45333373638402896 -1.9182158671451803 0.08602649470463292
0.01181000622449381 -0.002862198558551026 4.5930115646468275e-05
0.0 0.0 0.0
     150 m=1.43344e-08 d=3.14794e+00
-1.9327376237299558 0.6743457901693455 0.07835568467991746
-0.00388891365594979 -0.011043015732308602 0.00029456097929141383
0.0 0.0 0.0
     151 m=1.42568e-08 d=3.14771e+00
0.4926500496613552 1.897113329171071 0.012804973406545824
-0.011954056740720184 0.002796573559025368 0.0001388843098818849
0.0 0.0 0.0
     152 m=1.41802e-08 d=3.14748e+00
1.587587343098979 -1.1276899566145984 -0.100339882495134
0.006875850727544419 0.010254363432295556 -0.0006521835664663338
0.0 0.0 0.0
     153 m=1.41046e-08 d=3.14726e+00
1.8118313254153091 0.8810501040126986 0.007983505600910941
-0.006090254311575453 0.010321449687742183 -8.457821737894135e-05
0.0 0.0 0.0
     154 m=1.40299e-08 d=3.14703e+00
1.9211930122230134 0.5376757586250217 -0.04815992554860887
-0.0033819291746960195 0.011641960456948788 -4.402492752571979e-05
0.0 0.0 0.0
     155 m=1.39561e-08 d=3.14681e+00
-0.13271678865953507 -1.9835797562323196 0.09480995325734826
0.012096313143986296 -0.0013333633709682279 -0.00044008176275944506
0.0 0.0 0.0
     156 m=1.38832e-08 d=3.14659e+00
1.9273549274153723 -0.3886272081866008 0.14003780570208615
0.0025883755069536123 0.012039970910084206 -0.00019945819676325203
0.0 0.0 0.0
     157 m=1.38112e-08 d=3.14637e+00
1.6879590344856803 1.0971166802048948 -0.06795920491618825
-0.00645514117865053 0.010198036869501928 -0.00032738593031756216
0.0 0.0 0.0
    1000 m=9.55110e-04 d=1.32600e+00
-3.9221051541650103 3.615076175903113 -0.005799421994959031
-0.00521031798875617 -0.005195858472560751 -4.601181812421322e-05
0.0 0.0 0.0
    1001 m=2.85730e-04 d=6.87000e-01
-7.966838880651688 -5.799353977407862 0.15319269778096606
0.0029620957515577194 -0.0045172613406566356 6.08235514644637e-06
0.0 0.0 0.0
