)O+_05 Big-body initial data  (WARNING: Do not delete this line!!)
) Lines beginning with `)' are ignored.
)---------------------------------------------------------------------
 style (Cartesian, Asteroidal, Cometary) =  Cartesian
 epoch (in days) =  0.0
)---------------------------------------------------------------------
       1 m=5.01434e-08 d=3.24119e+00
0.3456049610856413 -0.0700865746469756 -6.26209010061809e-06
0.005717439339787623 0.028410024174862228 -0.00015818468258566338
0.0 0.0 0.0
       2 m=5.01434e-08 d=3.24119e+00
0.39956736983792496 -0.13984103375955625 0.0008892117188727121
0.008736287144256909 0.025018869444738443 1.0762168014597624e-05
0.0 0.0 0.0
       3 m=5.01434e-08 d=3.24119e+00
0.168065602261486 -0.4297050596769901 0.0021433117237379
0.02352250382178226 0.00919869298787091 -4.945970725106379e-05
0.0 0.0 0.0
       4 m=5.01434e-08 d=3.24119e+00
0.43769442705167116 -0.20090983456482667 0.00025297527052216886
0.01020927600680088 0.022676730109086635 1.6657029830818e-05
0.0 0.0 0.0
       5 m=5.01434e-08 d=3.24119e+00
0.4360396908840335 0.2554985884033243 0.0004219403275201154
-0.012401698399543724 0.020803482602103334 -0.0001011847783056251
0.0 0.0 0.0
       6 m=5.01434e-08 d=3.24119e+00
0.39230766900143577 0.3488907317833807 0.00018273191367856217
-0.015779328242052006 0.017739203299216175 -7.663759758844004e-05
0.0 0.0 0.0
       7 m=5.01434e-08 d=3.24119e+00
0.5354259393760401 -0.082517395711662 -0.003702908360049449
0.003559319104848439 0.023098026029734174 -0.00010933747050140421
0.0 0.0 0.0
       8 m=5.01434e-08 d=3.24119e+00
-0.4241586382785054 0.356219418793916 2.7930409370025737e-05
-0.015040539604383004 -0.017633336170453567 2.9239809209655456e-05
0.0 0.0 0.0
       9 m=5.01434e-08 d=3.24119e+00
-0.4585551678653382 -0.3465756694072873 0.004400574224848828
0.013679550826087718 -0.018004215913983712 2.6582559176007497e-05
0.0 0.0 0.0
      10 m=5.01434e-08 d=3.24119e+00
-0.5801529484796746 0.009626419655563434 -0.004034831330125461
-0.00019885422182395855 -0.022652037943136093 -5.579828743530879e-05
0.0 0.0 0.0
      11 m=5.01434e-08 d=3.24119e+00
0.031169031461025797 -0.5983274529870223 0.00029173573873009977
0.02213539256603869 0.0011626720417238668 -5.00300639028742e-06
0.0 0.0 0.0
      12 m=5.01434e-08 d=3.24119e+00
-0.1634228972641218 -0.5877609258646097 0.0022303721264983617
0.021177468888945172 -0.005873789046538842 -9.350230351534034e-05
0.0 0.0 0.0
      13 m=5.01434e-08 d=3.24119e+00
0.3506693063402822 0.5053478974031289 -0.0004183524952813579
-0.01813729423692154 0.012434587374859373 -8.862359984657936e-05
0.0 0.0 0.0
      14 m=5.01434e-08 d=3.24119e+00
0.6164249675566268 0.13123449334405213 0.0023860277929850537
-0.004520844622406537 0.021162966134121726 -8.074272353798364e-06
0.0 0.0 0.0
      15 m=5.01434e-08 d=3.24119e+00
-0.06629416228983054 0.6363343529853862 0.0025263237568622656
-0.021375059386595167 -0.0021597550334062406 -2.3790044399640852e-05
0.0 0.0 0.0
      16 m=5.01434e-08 d=3.24119e+00
0.2926146647452103 0.5798934863164038 -0.0010904424078577693
-0.019069236599754385 0.00952681196447414 5.805537582649881e-05
0.0 0.0 0.0
      17 m=5.01434e-08 d=3.24119e+00
-0.6367556891186039 -0.17149615950583072 -0.0033365731444049483
0.005368371459146904 -0.02044857640086797 -0.00014098532160716065
0.0 0.0 0.0
      18 m=5.01434e-08 d=3.24119e+00
0.38786918905260687 -0.5390073507231793 -0.0007226505498534375
0.01716397635060706 0.012330720509536808 8.47897099563573e-06
0.0 0.0 0.0
      19 m=5.01434e-08 d=3.24119e+00
-0.3172912831881012 0.589715765639396 0.0006001888706600783
-0.018624615080734368 -0.009891860503646353 -7.297051250964396e-05
0.0 0.0 0.0
      20 m=5.01434e-08 d=3.24119e+00
-0.6621102598517095 0.15607738232719826 -0.0006911402117231982
-0.004675460157552818 -0.020354007129058785 0.00016678351680307784
0.0 0.0 0.0
      21 m=5.01434e-08 d=3.24119e+00
-0.4154252173148034 0.5571657767712385 -0.001267161902507178
-0.01647072915886045 -0.012303539908614016 6.957757468178477e-07
0.0 0.0 0.0
      22 m=5.01434e-08 d=3.24119e+00
0.5934840823222942 0.36408473844195116 0.005176575341036671
-0.010661252084127722 0.017666341274759384 4.611740188155946e-06
0.0 0.0 0.0
      23 m=5.01434e-08 d=3.24119e+00
0.5944539089742628 0.3793708432896566 0.0017799224835110343
-0.01102115724394926 0.01726394764231216 4.6764826965977374e-05
0.0 0.0 0.0
      24 m=5.01434e-08 d=3.24119e+00
0.5411341904532379 -0.4609621027009909 0.0013442939297483268
0.013269803777913428 0.01552831443775143 -0.00011027459972814386
0.0 0.0 0.0
      25 m=5.01434e-08 d=3.24119e+00
-0.222948198529281 0.6847246219075551 0.0009811028456459803
-0.019279649377515473 -0.006257332623690617 2.341363117708748e-06
0.0 0.0 0.0
      26 m=5.01434e-08 d=3.24119e+00
-0.5316928925273297 0.49787478291861875 -4.056493540641323e-05
-0.013878529282457005 -0.014599337928458484 4.214222718410252e-05
0.0 0.0 0.0
      27 m=5.01434e-08 d=3.24119e+00
0.08491766212478796 -0.7289907022756139 0.004067263460340874
0.019960506616578298 0.002325825908088743 6.628832061168961e-05
0.0 0.0 0.0
      28 m=5.01434e-08 d=3.24119e+00
-0.12110365155400105 -0.7322526169142911 0.005597637455952661
0.019730671992015846 -0.0031082318915246028 -6.4841545476785565e-09
0.0 0.0 0.0
      29 m=5.01434e-08 d=3.24119e+00
0.6726671516742251 0.33894234608827944 0.0008824682193631538
-0.00903329958568801 0.017600162828300375 3.6412768647876315e-05
0.0 0.0 0.0
      30 m=5.01434e-08 d=3.24119e+00
-0.23111428213306415 -0.7271942026026883 0.0047211641427848065
0.018703888119337236 -0.005952174774586456 -4.268385227518001e-05
0.0 0.0 0.0
      31 m=5.01434e-08 d=3.24119e+00
0.4236156208003763 -0.6403588026701164 0.00013668903016878366
0.01639420957607439 0.010753640534139283 8.599231159525592e-05
0.0 0.0 0.0
      32 m=5.01434e-08 d=3.24119e+00
-0.747180799194399 0.1834377015628783 0.004743719570260098
-0.004540785013829853 -0.01913338819286174 8.408576753279126e-05
0.0 0.0 0.0
      33 m=5.01434e-08 d=3.24119e+00
-0.14062457533691358 0.7666264858732222 0.0019513785855371202
-0.01917968484720709 -0.003573714125648937 5.124092510782175e-05
0.0 0.0 0.0
      34 m=5.01434e-08 d=3.24119e+00
0.25811309161277946 0.7415778305991476 -0.0015927352026206562
-0.018386431890995567 0.006382162118396625 8.528795547075387e-05
0.0 0.0 0.0
      35 m=5.01434e-08 d=3.24119e+00
0.1192741834726105 0.7848496295490854 -0.0049778121764794325
-0.019128942944054886 0.00289376945445928 -1.3994221060591788e-05
0.0 0.0 0.0
      36 m=5.01434e-08 d=3.24119e+00
-0.2303437289188341 -0.771409359664436 0.0012451534754359512
0.01836788086247817 -0.005495327190368852 -9.951970368241414e-05
0.0 0.0 0.0
      37 m=5.01434e-08 d=3.24119e+00
0.7828520015913876 -0.22511682026161695 0.005536188360126341
0.0052602564227679895 0.018300878679053997 -3.2412723939161365e-05
0.0 0.0 0.0
      38 m=5.01434e-08 d=3.24119e+00
-0.43558401433065186 0.6952660770536023 -0.0031908532739836643
-0.016108914501642972 -0.010072205025967562 -0.00012120080226274714
0.0 0.0 0.0
      39 m=5.01434e-08 d=3.24119e+00
-0.29553217792664677 0.7715189804810275 -0.0005859557598097308
-0.017654462117721797 -0.00691177361694335 4.6773877300529655e-05
0.0 0.0 0.0
      40 m=5.01434e-08 d=3.24119e+00
-0.13241877911911779 0.8273367722582976 -0.00017370975773790988
-0.01854373540973547 -0.0030077794738258634 6.557828890182737e-06
0.0 0.0 0.0
      41 m=5.01434e-08 d=3.24119e+00
-0.6165965246201799 -0.5749284542527258 2.2679344748027642e-05
0.012790120568049165 -0.013725402512609654 5.122047387938702e-07
0.0 0.0 0.0
      42 m=5.01434e-08 d=3.24119e+00
0.3506894978771359 -0.7768116201282701 0.0009855215236613127
0.01696918129679993 0.0077298519164889674 -1.845366008781344e-05
0.0 0.0 0.0
      43 m=5.01434e-08 d=3.24119e+00
-0.4106843640782495 -0.7569548703148554 0.004760399915092747
0.016215858254452962 -0.008992746530998531 0.00010167175022670949
0.0 0.0 0.0
      44 m=5.01434e-08 d=3.24119e+00
0.7674002371603034 -0.405950520488031 0.0010677693162071563
0.008755775485152419 0.016276293261262027 -6.325770520186259e-06
0.0 0.0 0.0
      45 m=5.01434e-08 d=3.24119e+00
0.6572821160635017 -0.5825015574810631 -0.0018682617900786925
0.012178756548101662 0.013733971130812475 0.00010580790364623442
0.0 0.0 0.0
      46 m=5.01434e-08 d=3.24119e+00
0.3812989013997441 0.8026742307982355 -0.004038017330294092
-0.01645832989978204 0.00783337370412996 -4.833917005209964e-05
0.0 0.0 0.0
      47 m=5.01434e-08 d=3.24119e+00
0.8893291026612284 -0.08393513685063875 0.006064873549236326
0.0017542602049168089 0.018132936956435752 9.529637767985564e-05
0.0 0.0 0.0
      48 m=5.01434e-08 d=3.24119e+00
0.6743588315640047 0.6085320842583326 0.004003933953612701
-0.01210279376738004 0.013323612730503056 -6.5832330937997495e-06
0.0 0.0 0.0
      49 m=5.01434e-08 d=3.24119e+00
-0.16688714079808592 -0.896373288976526 0.0041621267259753245
0.017711127573493333 -0.003299339818723385 2.4779627409857247e-05
0.0 0.0 0.0
      50 m=5.01434e-08 d=3.24119e+00
-0.9133103328779832 -0.07613219777599994 0.0032197948589765576
0.0013828504167767864 -0.017953205826398887 7.524041833001706e-05
0.0 0.0 0.0
      51 m=5.01434e-08 d=3.24119e+00
-0.6273632321411137 -0.6794829452204961 0.003057316827894598
0.013127020496239462 -0.012208094506760976 9.921247064903519e-05
0.0 0.0 0.0
      52 m=5.01434e-08 d=3.24119e+00
-0.12298891334975348 0.9233973427384008 -0.0040303485016047625
-0.01773400524492301 -0.002267127191993107 0.00010512445298997883
0.0 0.0 0.0
      53 m=5.01434e-08 d=3.24119e+00
-0.32429908520837486 0.8832109844411538 0.0010112134548751939
-0.016737692005402736 -0.006006778392538513 -2.0242202584592226e-05
0.0 0.0 0.0
      54 m=5.01434e-08 d=3.24119e+00
-0.455577321640845 -0.8434565370536379 0.0007057039383838728
0.015364411278940362 -0.008446560988361985 1.2599967438051933e-05
0.0 0.0 0.0
      55 m=5.01434e-08 d=3.24119e+00
-0.22790162623136412 -0.9359384488692438 0.003973604216154124
0.017030299453093072 -0.004145030280657265 3.5325267066613126e-05
0.0 0.0 0.0
      56 m=5.01434e-08 d=3.24119e+00
-0.44620224460133173 -0.85968840264712 0.00015347669961414113
0.015539907460888906 -0.008069928903308703 1.2616830072653312e-06
0.0 0.0 0.0
      57 m=5.01434e-08 d=3.24119e+00
-0.9817321202696317 0.041327287398985 0.0008823620264365233
-0.0008377507032123555 -0.017318001410210573 3.850466091944562e-05
0.0 0.0 0.0
      58 m=5.01434e-08 d=3.24119e+00
0.6020691414427093 -0.7782966047605426 -0.0017059787990899539
0.013767478560560037 0.010625216101232217 -0.00010587663219115812
0.0 0.0 0.0
      59 m=5.01434e-08 d=3.24119e+00
-0.7020773780420619 0.7095113385399383 -0.0018984961141276335
-0.01225678039410205 -0.0120967001452481 4.987226948279078e-06
0.0 0.0 0.0
      60 m=5.01434e-08 d=3.24119e+00
0.7517861964620769 -0.6679149167951545 -0.0007315913729480767
0.011418981986550818 0.012820755561258737 3.338613135882525e-05
0.0 0.0 0.0
      61 m=5.01434e-08 d=3.24119e+00
0.940980236981327 -0.3850266909143827 0.007154997836917721
0.006448335977239247 0.015790306919378834 -6.589976632835238e-05
0.0 0.0 0.0
      62 m=5.01434e-08 d=3.24119e+00
0.7010658941284201 0.7466872398246305 -0.0005468485317498417
-0.012495216357654583 0.011535466932833586 8.234925112809375e-05
0.0 0.0 0.0
      63 m=5.01434e-08 d=3.24119e+00
0.31704066693949445 0.9778328702098489 0.0012513556641167564
-0.016170698673847565 0.005303613708328056 -5.56009934610369e-05
0.0 0.0 0.0
      64 m=5.01434e-08 d=3.24119e+00
-0.5445534668272376 -0.8890650202800456 -0.0055729219980156204
0.014341861748969514 -0.008849482011616438 -9.525420173149739e-05
0.0 0.0 0.0
      65 m=5.01434e-08 d=3.24119e+00
0.9110443692916739 -0.535987938801165 0.004628741121505141
0.008563657375511034 0.014330624304009033 6.833116538694608e-05
0.0 0.0 0.0
      66 m=5.01434e-08 d=3.24119e+00
0.8551441782956903 -0.6279954588682004 -0.001118869658656296
0.009881325025105341 0.01346802210209369 -0.0001222542619429348
0.0 0.0 0.0
      67 m=5.01434e-08 d=3.24119e+00
-0.4412029431238077 -0.9785575175142198 0.0004186689955414701
0.015121377805905462 -0.00680403913795021 -5.82750536356215e-05
0.0 0.0 0.0
      68 m=5.01434e-08 d=3.24119e+00
-0.5737546181382983 -0.9230704784455779 -0.00923340631247525
0.013967894005788191 -0.008681666029031249 2.002317508388505e-05
0.0 0.0 0.0
      69 m=5.01434e-08 d=3.24119e+00
1.0131213253036166 -0.3942218809135723 -9.816775078112707e-05
0.005977707570728387 0.015392812591433113 0.00011502284844309524
0.0 0.0 0.0
      70 m=5.01434e-08 d=3.24119e+00
-0.30333174722146716 -1.0560644868412397 0.005060699924365027
0.015769433365064662 -0.004529364617460577 -0.00011297501503235722
0.0 0.0 0.0
      71 m=5.01434e-08 d=3.24119e+00
-1.0891268159026006 0.21848485924331928 -0.007017128384354452
-0.0030844307724370193 -0.016003135813264485 2.2659924031909556e-05
0.0 0.0 0.0
      72 m=5.01434e-08 d=3.24119e+00
1.0775670172565583 -0.2716047533194837 -0.0031520428098983436
0.0039020765081595674 0.01588773841242804 1.4366717292895075e-05
0.0 0.0 0.0
      73 m=5.01434e-08 d=3.24119e+00
0.2404507560781448 1.1054402992164727 -0.0002897573144739906
-0.015770563661658826 0.003423774149249677 1.658455505868104e-06
0.0 0.0 0.0
      74 m=5.01434e-08 d=3.24119e+00
-0.9608569616485276 -0.6040299569894612 0.007671061354431876
0.008575408026914248 -0.013688619254906742 -3.633572602349077e-05
0.0 0.0 0.0
      75 m=5.01434e-08 d=3.24119e+00
1.1331804747992902 0.15722811243428336 0.0013934968172812617
-0.0022135533871111375 0.015938594112824916 -1.618921770591965e-06
0.0 0.0 0.0
      76 m=5.01434e-08 d=3.24119e+00
-1.0509451854116194 0.46399930966226666 -0.009840408551641647
-0.006524278748339187 -0.01470808247553018 -2.508274059916873e-05
0.0 0.0 0.0
      77 m=5.01434e-08 d=3.24119e+00
0.15955452885917104 -1.1485679876900647 0.0025697444513700903
0.015845584147744573 0.002267484044763763 1.5690895042171913e-05
0.0 0.0 0.0
      78 m=5.01434e-08 d=3.24119e+00
0.7555165290376141 -0.9107732708422913 -0.00034295528367448
0.012138621982979998 0.01003549359226601 9.493754558156118e-06
0.0 0.0 0.0
      79 m=5.01434e-08 d=3.24119e+00
-0.30074160823241014 1.1369491477946025 -0.007338343159052829
-0.015354294655819632 -0.0041764603435662725 5.735823007163172e-05
0.0 0.0 0.0
      80 m=5.01434e-08 d=3.24119e+00
-0.7184310487302974 -0.9389758811283042 -0.001754894666953472
0.012648612132690992 -0.009622176727690767 6.795306650925301e-05
0.0 0.0 0.0
      81 m=5.01434e-08 d=3.24119e+00
-1.2045648344712856 -0.12170058980992599 0.005517119695037144
0.0015141911403664578 -0.01550929366185887 -2.635695461385845e-07
0.0 0.0 0.0
      82 m=5.01434e-08 d=3.24119e+00
-0.9879969966806028 -0.7186578439176112 0.002203921183848513
0.009093954846515172 -0.012557551660143986 9.017770795940631e-05
0.0 0.0 0.0
      83 m=5.01434e-08 d=3.24119e+00
0.3513735914518251 1.1677318015657543 -0.006089098393520346
-0.014940009092204335 0.00447717149032055 3.832162852527346e-05
0.0 0.0 0.0
      84 m=5.01434e-08 d=3.24119e+00
0.9609440162205225 -0.7766350950478217 -0.0014121425213661476
0.009729310906654604 0.012008457971825828 2.9059801239038144e-05
0.0 0.0 0.0
      85 m=5.01434e-08 d=3.24119e+00
-0.1653860705127227 1.2271489506466895 -0.0005622965583181301
-0.015338301827508057 -0.002112229222199514 4.4145413407123386e-05
0.0 0.0 0.0
      86 m=5.01434e-08 d=3.24119e+00
0.5155407003265229 1.1386892194254234 0.004540780711070906
-0.014052429859330903 0.006296774814106172 9.111238972485131e-05
0.0 0.0 0.0
      87 m=5.01434e-08 d=3.24119e+00
-1.2479252063734156 -0.17412885480178497 -0.010245921876834443
0.00209716214864068 -0.015192068658854382 3.999957092415144e-05
0.0 0.0 0.0
      88 m=5.01434e-08 d=3.24119e+00
0.4563132658546307 1.1799099528442456 -0.0008359145687263104
-0.014260683737665984 0.005639884636878892 2.5041700442482898e-05
0.0 0.0 0.0
      89 m=5.01434e-08 d=3.24119e+00
-1.2836558125916802 -0.1609570981914102 0.0010674469611851734
0.0018337118297044887 -0.014942455682492587 7.657155699043862e-06
0.0 0.0 0.0
      90 m=5.01434e-08 d=3.24119e+00
1.1847979744208044 -0.5095878505742144 0.0008087807963158758
0.005958206653454242 0.013940719835972382 -2.1010643595543054e-05
0.0 0.0 0.0
      91 m=5.01434e-08 d=3.24119e+00
0.17576556829101936 -1.2876513010621558 0.0021823390811484406
0.014982260076132004 0.0019138869056274056 9.851667690130156e-05
0.0 0.0 0.0
      92 m=5.01434e-08 d=3.24119e+00
0.4247212659968828 1.2418390975853555 0.0033722856680467894
-0.014197888275428932 0.004883616449686017 2.551603784708537e-05
0.0 0.0 0.0
      93 m=5.01434e-08 d=3.24119e+00
-0.2896572392615675 -1.2919531569720948 0.002494443572459106
0.014571941210794954 -0.003299368697357582 -1.370180290488811e-05
0.0 0.0 0.0
      94 m=5.01434e-08 d=3.24119e+00
-0.8897528680470475 -1.003901952930652 0.005914653740321025
0.011148419926400815 -0.00973875339274765 6.170455405104517e-05
0.0 0.0 0.0
      95 m=5.01434e-08 d=3.24119e+00
0.29564734242159896 1.3060985458578471 -0.005375548310447721
-0.014493096244241983 0.0033970744357227547 1.3006007567455669e-05
0.0 0.0 0.0
      96 m=5.01434e-08 d=3.24119e+00
-0.8942455870419157 -1.013911309681297 0.0027772985675190327
0.011123649163080836 -0.009764807984301696 6.607236575288344e-05
0.0 0.0 0.0
      97 m=5.01434e-08 d=3.24119e+00
1.1161253950964405 0.7900703598271795 0.00046243512899313125
-0.008425458777931345 0.01203266286203365 -4.233559481649395e-05
0.0 0.0 0.0
      98 m=5.01434e-08 d=3.24119e+00
1.085726552948138 0.8392687307791196 0.000808337908576387
-0.00896908535880321 0.011637918009328438 -7.286550108496244e-05
0.0 0.0 0.0
      99 m=5.01434e-08 d=3.24119e+00
-1.2350545516674676 0.6128723128913214 -0.0051868694004600265
-0.0065212123790294035 -0.01315098548943283 9.836436142419891e-05
0.0 0.0 0.0
     100 m=5.01434e-08 d=3.24119e+00
-1.0271042853164591 -0.9365001328655169 0.0028732953156967514
0.00984756941360371 -0.010800709183004598 1.2852719968799914e-05
0.0 0.0 0.0
     101 m=5.01434e-08 d=3.24119e+00
0.5257231717367098 -1.3056152645518315 0.008061437581694586
0.013445176556069123 0.005397389139371411 1.1637915242939119e-05
0.0 0.0 0.0
     102 m=5.01434e-08 d=3.24119e+00
-1.3926732883839126 -0.30016098827663046 -0.0024226948066192935
0.0030159258523055283 -0.014046854717760494 2.066813485188154e-05
0.0 0.0 0.0
     103 m=5.01434e-08 d=3.24119e+00
0.47612184081196596 1.3443690428966901 0.0075173845609761165
-0.013578703627078118 0.004808724618112757 3.0765456434813266e-05
0.0 0.0 0.0
     104 m=5.01434e-08 d=3.24119e+00
-1.2164144757654207 0.7849018624352464 -0.0002649730310988847
-0.007766290381712537 -0.011939749376109261 0.00012174341637729029
0.0 0.0 0.0
     105 m=5.01434e-08 d=3.24119e+00
-1.4227508850368333 0.19665595466335117 0.003158629857271054
-0.0020495987446540933 -0.014263296707238315 1.5914236840744665e-05
0.0 0.0 0.0
     106 m=5.01434e-08 d=3.24119e+00
0.6996746337483396 1.2795282292190853 0.006683864360793055
-0.012497296382430158 0.006835415399758309 1.626568272442841e-05
0.0 0.0 0.0
     107 m=5.01434e-08 d=3.24119e+00
1.4578943033588696 0.002894091689816164 -0.0006146910216414313
-1.9200707970821757e-05 0.014300772510501885 -2.226467811621862e-05
0.0 0.0 0.0
     108 m=5.01434e-08 d=3.24119e+00
-0.9085119117386301 1.1682178620843213 0.00011804707940039331
-0.011083613845568809 -0.008780341826154267 -3.790133405292782e-07
0.0 0.0 0.0
     109 m=5.01434e-08 d=3.24119e+00
0.8133338819826882 -1.2563632533215594 -0.0048756161024684766
0.011826055687137864 0.007553710415397857 2.658874665886898e-05
0.0 0.0 0.0
     110 m=5.01434e-08 d=3.24119e+00
-0.5066143751351756 -1.4201630077774832 0.0003397008903440944
0.01320648215639484 -0.004583684485861442 -2.057522261025442e-06
0.0 0.0 0.0
     111 m=5.01434e-08 d=3.24119e+00
-0.6997014114286637 -1.3396314699339926 -2.5761244499559026e-05
0.012422002280318811 -0.006451004748720908 2.1892144745643454e-07
0.0 0.0 0.0
     112 m=5.01434e-08 d=3.24119e+00
-0.250514887179179 -1.5031721331128685 -0.001600762559782911
0.013727970060778265 -0.0023754215872252744 8.656812421086911e-06
0.0 0.0 0.0
     113 m=5.01434e-08 d=3.24119e+00
1.441808732554021 0.5385929074271327 0.000978056972468398
-0.004790857683917129 0.012987993511494812 -8.99067170003352e-05
0.0 0.0 0.0
     114 m=5.01434e-08 d=3.24119e+00
-0.8570605999766142 -1.282258850419631 -0.008372745631349127
0.011475150147853072 -0.007780621384211737 4.7795898184483615e-05
0.0 0.0 0.0
     115 m=5.01434e-08 d=3.24119e+00
-1.2894638492091206 0.8962510445732748 0.0032948903990959715
-0.007787427052932962 -0.011228768842604295 6.871846247333095e-05
0.0 0.0 0.0
     116 m=5.01434e-08 d=3.24119e+00
0.6073134605462371 -1.441917968299125 0.00015818192242881432
0.012681827205564971 0.005351195194696991 6.9309869490241915e-06
0.0 0.0 0.0
     117 m=5.01434e-08 d=3.24119e+00
-1.5396983141762184 -0.38959449422097114 0.008839916431794943
0.003427257711118267 -0.013168563741299332 -5.966771537673537e-05
0.0 0.0 0.0
     118 m=5.01434e-08 d=3.24119e+00
0.8147086435203788 -1.3626320554095224 0.006562109215576275
0.011738152216222507 0.006988441919274041 -7.205790565671947e-06
0.0 0.0 0.0
     119 m=5.01434e-08 d=3.24119e+00
0.9859463586830328 1.2601143305631044 0.00012476655362636405
-0.010731735550326393 0.00835880148495643 6.271920375862539e-05
0.0 0.0 0.0
     120 m=5.01434e-08 d=3.24119e+00
1.0867609314959004 -1.1937989716678978 0.0038124656996136944
0.00999846696987149 0.00911365578802125 -8.961555852695596e-05
0.0 0.0 0.0
     121 m=5.01434e-08 d=3.24119e+00
1.2555095441240631 -1.0302088209039197 -0.004116813557196872
0.008561283204969761 0.010431894751087174 -2.0962660651319482e-05
0.0 0.0 0.0
     122 m=5.01434e-08 d=3.24119e+00
0.5228021412930074 -1.5498973178826176 -0.012369984799314069
0.012713343034583277 0.004376425437999409 -5.3616419520272995e-05
0.0 0.0 0.0
     123 m=5.01434e-08 d=3.24119e+00
-0.7873350919112975 1.4449760562329435 -0.004016529933227849
-0.011762052894553046 -0.006443783708432749 -8.536635851152256e-05
0.0 0.0 0.0
     124 m=5.01434e-08 d=3.24119e+00
-0.42363742784870584 -1.6002041512768852 -0.003318606847420316
0.012937415768717708 -0.0034074909306343586 1.06470811854627e-05
0.0 0.0 0.0
     125 m=5.01434e-08 d=3.24119e+00
-1.6671504399098431 -0.1045955255938853 -0.01244398132129797
0.0007777777006138047 -0.013280245566631224 2.9969104031605867e-05
0.0 0.0 0.0
     126 m=5.01434e-08 d=3.24119e+00
-1.6662777165472524 -0.12147267317326671 -0.012730320182662982
0.000934093428736558 -0.013313563636783843 5.119013217940546e-06
0.0 0.0 0.0
     127 m=5.01434e-08 d=3.24119e+00
1.2061790776831454 1.1901017793564999 0.004687098344542973
-0.009318783887821615 0.009354903681505265 -9.326937379891961e-05
0.0 0.0 0.0
     128 m=5.01434e-08 d=3.24119e+00
-1.437926640047315 -0.9096307549360464 -0.0014872710802895
0.007093303183494307 -0.011126242712701871 1.1229886694683407e-05
0.0 0.0 0.0
     129 m=5.01434e-08 d=3.24119e+00
0.6292348240388195 1.5848823294365455 0.007704362474521451
-0.01228740597294332 0.004851086882279932 -6.0584310231899e-05
0.0 0.0 0.0
     130 m=5.01434e-08 d=3.24119e+00
-1.7010333282732417 -0.24613359712507554 -0.00976169914558048
0.001974370872134392 -0.013001809452727164 3.408187429839305e-05
0.0 0.0 0.0
     131 m=5.01434e-08 d=3.24119e+00
-0.9644480030149081 1.4331542709786866 -0.005373234597389243
-0.010922329710556832 -0.007284444740449317 7.413230169727499e-05
0.0 0.0 0.0
     132 m=5.01434e-08 d=3.24119e+00
-0.988144741621913 -1.4443521984146215 0.003241342104955331
0.010802184538106158 -0.00723875826487568 -2.0669633923741216e-05
0.0 0.0 0.0
     133 m=5.01434e-08 d=3.24119e+00
-1.524275259549478 0.8542435175776215 0.007872783539979635
-0.006394010123791182 -0.011395058546987913 5.927582722803221e-05
0.0 0.0 0.0
     134 m=5.01434e-08 d=3.24119e+00
-0.6000154903948879 -1.6689031225828372 -0.0015265970184403913
0.012141606898056623 -0.004408960655804787 -9.354726316421641e-06
0.0 0.0 0.0
     135 m=5.01434e-08 d=3.24119e+00
-1.7375776583341693 -0.44919109370553634 0.0014033441375411251
0.003113914455191041 -0.01242229644069516 -9.324274862699748e-05
0.0 0.0 0.0
     136 m=5.01434e-08 d=3.24119e+00
1.6997077389290904 0.6088057602931003 -0.007740580530165872
-0.004387329687160155 0.011995739708088461 -1.1905826582239164e-05
0.0 0.0 0.0
     137 m=5.01434e-08 d=3.24119e+00
0.037644050184674774 -1.808630771114682 -0.0032436172078812537
0.012788361515016698 0.00020734647910931292 1.2794689956503648e-05
0.0 0.0 0.0
     138 m=5.01434e-08 d=3.24119e+00
1.3110940926450252 1.2727382672671728 0.00901729594664012
-0.00882839690284394 0.009134834937127325 -7.852538291833834e-05
0.0 0.0 0.0
     139 m=5.01434e-08 d=3.24119e+00
1.8392534485116403 0.007225054426473365 -0.00024364665859320474
-0.00013692635975718834 0.01266185998328214 -2.7697551788214784e-07
0.0 0.0 0.0
     140 m=5.01434e-08 d=3.24119e+00
-0.519662054183186 1.7806258161869148 -0.008728545790641466
-0.012112020702115946 -0.0034605887954959657 1.9167206177479774e-05
0.0 0.0 0.0
     141 m=5.01434e-08 d=3.24119e+00
-0.9453984684000816 -1.5953118025504585 -5.564058093700513e-05
0.010887146232106236 -0.006424321881342351 -8.753009470832424e-05
0.0 0.0 0.0
     142 m=5.01434e-08 d=3.24119e+00
-1.3379000722279508 1.3276775353752337 -0.008761419815479326
-0.008787634140171901 -0.008857417412902906 -5.938349791254457e-05
0.0 0.0 0.0
     143 m=5.01434e-08 d=3.24119e+00
1.7636379073846462 0.6759489646102774 0.0021823365261074206
-0.0045329809541009266 0.011640990134016906 -3.4468682652691417e-06
0.0 0.0 0.0
     144 m=5.01434e-08 d=3.24119e+00
-1.6199211260538058 0.9790302720509299 -0.010212312696013325
-0.006461663827456239 -0.010707151647397203 -3.46636118668826e-05
0.0 0.0 0.0
     145 m=5.01434e-08 d=3.24119e+00
0.7490595054374677 -1.7634985816746525 -0.0119272848628675
0.011417063385994292 0.004822814688085713 -5.2092890959381497e-05
0.0 0.0 0.0
     146 m=5.01434e-08 d=3.24119e+00
1.8110860444172685 -0.6276434488378307 0.003552712115821172
0.004152601416560884 0.011714963675541324 -3.034440626756846e-05
0.0 0.0 0.0
     147 m=5.01434e-08 d=3.24119e+00
0.3858342651086758 -1.887393272816635 -0.00330907712083285
0.012149337731513561 0.002512466395703389 1.0904799575899762e-05
0.0 0.0 0.0
     148 m=5.01434e-08 d=3.24119e+00
-1.4672091943023693 -1.2686228512387976 0.0013003290451964042
0.008080810832371398 -0.009354341243646782 -3.10669222973977e-05
0.0 0.0 0.0
     149 m=5.01434e-08 d=3.24119e+00
0.33410556944898884 -1.9357460112254032 0.007866010982081987
0.012058648505592686 0.0021233155763804015 -4.4065815507353256e-05
0.0 0.0 0.0
     150 m=5.01434e-08 d=3.24119e+00
1.821775209447441 -0.7373314832322612 -0.004035476940035928
0.004674550897035617 0.011352504724167397 -6.427570856095988e-06
0.0 0.0 0.0
     151 m=5.01434e-08 d=3.24119e+00
1.3259003843498216 -1.4708013946250535 -0.0023498459763880136
0.009080468380136222 0.008182800735112001 -1.1711734684641667e-05
0.0 0.0 0.0
     152 m=5.01434e-08 d=3.24119e+00
-0.4413650396619247 1.9267399819041302 -0.003095047431426212
-0.011978598208935274 -0.002720465666578251 5.417447179002024e-05
0.0 0.0 0.0
     153 m=5.01434e-08 d=3.24119e+00
-2.007614459897358 0.04314876036726112 0.012288239261705074
-0.00024730622169273804 -0.012127082587227587 -1.3969869684601869e-05
0.0 0.0 0.0
    1000 m=9.55110e-04 d=1.32600e+00
-3.9221051541650103 3.615076175903113 -0.005799421994959031
-0.00521031798875617 -0.005195858472560751 -4.601181812421322e-05
0.0 0.0 0.0
    1001 m=2.85730e-04 d=6.87000e-01
-7.966838880651688 -5.799353977407862 0.15319269778096606
0.0029620957515577194 -0.0045172613406566356 6.08235514644637e-06
0.0 0.0 0.0
