)O+_05 Big-body initial data  (WARNING: Do not delete this line!!)
) Lines beginning with `)' are ignored.
)---------------------------------------------------------------------
 style (Cartesian, Asteroidal, Cometary) =  Cartesian
 epoch (in days) =  0.0
)---------------------------------------------------------------------
       1 m=2.80143e-07 d=3.54062e+00
-0.45572157471086383 -0.12672792264704755 -0.01018982271504841
0.004561802292514035 -0.023896513557833825 -0.0020708592554243184
0.0 0.0 0.0
       2 m=2.80143e-07 d=3.54062e+00
-0.4219018056689541 -0.5043375587825719 0.000945452754240045
0.015732534675739547 -0.014142272463214742 1.5240830882541809e-05
0.0 0.0 0.0
       3 m=2.80143e-07 d=3.54062e+00
0.7774595875518708 -0.16131940320276195 0.013741100615195952
0.00483941044583123 0.018038405923753074 0.00035215374968287303
0.0 0.0 0.0
       4 m=2.80143e-07 d=3.54062e+00
0.6846628658226702 0.48846936586725276 -0.016638612713603784
-0.011422811951989607 0.014711038942299888 0.0014567305355023472
0.0 0.0 0.0
       5 m=2.80143e-07 d=3.54062e+00
-0.8146912630492238 -0.35988693107648073 0.05363721334074514
0.008264342696079471 -0.016611503789728203 -0.00022112199382749031
0.0 0.0 0.0
       6 m=2.80143e-07 d=3.54062e+00
1.003541681777102 0.16069048152351884 -0.001075207155842829
-0.002853297353120481 0.016899068561908676 -0.00018123158314704792
0.0 0.0 0.0
       7 m=2.80143e-07 d=3.54062e+00
-0.44250142930787595 1.0256520768690114 0.0004894384298308667
-0.015184068271819551 -0.0060790067263131065 -0.00014699683397008972
0.0 0.0 0.0
       8 m=2.80143e-07 d=3.54062e+00
-0.8313629488461842 0.9756543490702945 -0.05971884615806831
-0.011583217222183601 -0.009348287954562431 -0.0004547771147657493
0.0 0.0 0.0
       9 m=2.80143e-07 d=3.54062e+00
-0.7973129111907904 0.9368859866870872 -0.0055212691524824985
-0.012276288015653508 -0.010518393586147343 -0.0005195965659104008
0.0 0.0 0.0
      10 m=2.80143e-07 d=3.54062e+00
1.2458243058098777 0.877250398816983 0.05595426740696293
-0.0077075571742224215 0.01125278256766263 -0.000506562797115137
0.0 0.0 0.0
      11 m=2.80143e-07 d=3.54062e+00
-0.6686453464294824 -1.4276609723846823 0.002119254383399937
0.012443382049616463 -0.005852880200110846 -5.5460079260689626e-05
0.0 0.0 0.0
      12 m=2.80143e-07 d=3.54062e+00
1.664716622989506 -0.6325783737738118 -0.03602372257695933
0.005138229392139303 0.01152583405932896 0.0007245686363113895
0.0 0.0 0.0
      13 m=2.80143e-07 d=3.54062e+00
1.8592980040831768 0.02424343391166095 0.13043213712813065
-0.0002416989253206294 0.012541533114416097 -5.104101261897329e-05
0.0 0.0 0.0
      14 m=2.80143e-07 d=3.54062e+00
-1.9706624828893082 0.26019371999926255 -0.016319378378475757
-0.0014030121747050633 -0.012096256801478777 0.000592004045347121
0.0 0.0 0.0
      15 m=2.73237e-08 d=3.18582e+00
0.21278095397056057 0.28672953646339283 0.01962884628318166
-0.02233074395485855 0.01791358292771194 -0.001422947260777302
0.0 0.0 0.0
      16 m=2.73237e-08 d=3.18582e+00
-0.35145599345671 0.24776547518591452 0.01773994258805722
-0.015018091204593974 -0.021428850755795308 0.0016241058303794618
0.0 0.0 0.0
      17 m=2.73237e-08 d=3.18582e+00
-0.29674511579493973 0.3594003308101126 0.030430622812573364
-0.019382388471830568 -0.015946991882686137 -0.0009621691560437043
0.0 0.0 0.0
      18 m=2.73237e-08 d=3.18582e+00
0.296797916713638 0.3756500097994265 -0.02477372474189573
-0.01866601690674556 0.016809989417882497 0.0013760513269890648
0.0 0.0 0.0
      19 m=2.73237e-08 d=3.18582e+00
0.4470095980502546 0.24629728926127045 0.009634155025124805
-0.011609299342168367 0.021184488776489305 0.000494209068058549
0.0 0.0 0.0
      20 m=2.73237e-08 d=3.18582e+00
0.49422691510450756 -0.1429595601590448 -0.02151178053453709
0.005432153325166736 0.023771809659024506 -0.00012305720084259991
0.0 0.0 0.0
      21 m=2.73237e-08 d=3.18582e+00
0.44641730034154353 -0.3070276569171955 0.02213326633037404
0.014485088511231373 0.018546764892604005 -0.0005641149788166628
0.0 0.0 0.0
      22 m=2.73237e-08 d=3.18582e+00
-0.3121757273478972 -0.4448538736431577 -0.0014398007796467553
0.01931953025173362 -0.013903887111083441 0.00015666547627358866
0.0 0.0 0.0
      23 m=2.73237e-08 d=3.18582e+00
0.6149160670690649 -0.12167466054028732 0.000687622766554089
0.0047612659664307486 0.020294884242170793 0.0004096733747161414
0.0 0.0 0.0
      24 m=2.73237e-08 d=3.18582e+00
-0.5974217782894254 0.03783507764022205 0.006054574318145542
-0.00042744586646477345 -0.02213539501204184 -0.000716028370467422
0.0 0.0 0.0
      25 m=2.73237e-08 d=3.18582e+00
-0.42264939994976497 0.41304581993720896 0.0006695986037168603
-0.015447911135296219 -0.016588685134898334 -1.5215538734910948e-05
0.0 0.0 0.0
      26 m=2.73237e-08 d=3.18582e+00
-0.6255698993093823 0.013825331927855372 -0.021789154436454423
-0.00046756585872108217 -0.021596111171448797 0.0005714819118396736
0.0 0.0 0.0
      27 m=2.73237e-08 d=3.18582e+00
0.37366646969255946 0.5085221800570654 0.05135460373691257
-0.017150336995889807 0.013068946123862201 -6.320988834914641e-05
0.0 0.0 0.0
      28 m=2.73237e-08 d=3.18582e+00
-0.6086788404900885 -0.26119432540663207 -0.04715312965725456
0.00846299757822036 -0.018881619274225613 0.0010528986576593107
0.0 0.0 0.0
      29 m=2.73237e-08 d=3.18582e+00
-0.0621212018815514 -0.6437458562048224 0.006559201526316777
0.02135155045438847 -0.0019387044895866727 0.0007699077745868698
0.0 0.0 0.0
      30 m=2.73237e-08 d=3.18582e+00
0.4771950450365225 -0.3825206219744305 0.01698918867856791
0.013700480742221598 0.01819070895825409 0.0007720297717571576
0.0 0.0 0.0
      31 m=2.73237e-08 d=3.18582e+00
-0.715155046248613 -0.11214511248080954 -0.04493727962780767
0.0034924439023148045 -0.018999529834206587 0.0009663733041395334
0.0 0.0 0.0
      32 m=2.73237e-08 d=3.18582e+00
-0.3716790478919507 0.5754251294609782 -0.011241236924112568
-0.017491642937588665 -0.011021659497394164 0.0006056272260198782
0.0 0.0 0.0
      33 m=2.73237e-08 d=3.18582e+00
-0.662355194745438 0.1806930445053191 -0.013195669869135299
-0.005498477154598545 -0.020027090324375572 -3.12822106906542e-05
0.0 0.0 0.0
      34 m=2.73237e-08 d=3.18582e+00
-0.19898009236422737 -0.6924673199494851 0.022520295213220052
0.019205471217597463 -0.005095619368892819 -0.0009185043992172863
0.0 0.0 0.0
      35 m=2.73237e-08 d=3.18582e+00
0.6382842308771846 -0.2383201436647171 0.013331641922105113
0.007910862357041071 0.019616793947477913 0.0008032704739883906
0.0 0.0 0.0
      36 m=2.73237e-08 d=3.18582e+00
0.5015727519384158 -0.4907903809673058 -0.03468227693164694
0.013183174403736137 0.015897475054343874 0.00042214650779849973
0.0 0.0 0.0
      37 m=2.73237e-08 d=3.18582e+00
-0.6532937654158026 -0.2814893748810417 0.023314847799246703
0.0072418779059477845 -0.01913779460845006 -0.001382973986225406
0.0 0.0 0.0
      38 m=2.73237e-08 d=3.18582e+00
-0.679590077900192 0.3099600300835949 0.023865857488525963
-0.007432373418714708 -0.018175897873077038 0.00024168824402017467
0.0 0.0 0.0
      39 m=2.73237e-08 d=3.18582e+00
0.7435899027743794 -0.16883980387554537 -0.016376907016515348
0.002886983579671947 0.019105949765078206 -0.0009426176374904343
0.0 0.0 0.0
      40 m=2.73237e-08 d=3.18582e+00
-0.09578070256559895 -0.6916166677335407 0.0028839483728289486
0.020874305726912713 -0.003828045366400804 -5.3420364124651655e-05
0.0 0.0 0.0
      41 m=2.73237e-08 d=3.18582e+00
-0.7557249262520512 0.18411444181295994 -0.02135320148847889
-0.004400382206509448 -0.018663243405012738 -0.00029814710584071284
0.0 0.0 0.0
      42 m=2.73237e-08 d=3.18582e+00
-0.5170759635543299 0.6419190285908317 -0.012380932886846923
-0.013808480345839036 -0.01171546703259153 0.0012300914171544468
0.0 0.0 0.0
      43 m=2.73237e-08 d=3.18582e+00
-0.022959143232510082 -0.7604489417451865 0.046852435580430396
0.01970369307357246 -0.0019284667815338368 0.0005175400996058432
0.0 0.0 0.0
      44 m=2.73237e-08 d=3.18582e+00
0.5104001366539163 0.571524469738614 0.011183262050193075
-0.013862062943824437 0.014130476531369531 -0.0006601525615234707
0.0 0.0 0.0
      45 m=2.73237e-08 d=3.18582e+00
0.688723327445459 -0.38613800621058086 -0.0026318955879625315
0.010224656001257628 0.016401651908928443 0.0003032042728109666
0.0 0.0 0.0
      46 m=2.73237e-08 d=3.18582e+00
-0.49782661253606947 0.6912644021941978 0.021092431117134637
-0.013859845588444457 -0.011396932154870709 -0.0008450100485296243
0.0 0.0 0.0
      47 m=2.73237e-08 d=3.18582e+00
-0.7930573367051749 0.3214571111964735 -0.0021975434939931733
-0.006810368276178157 -0.016649343024081727 -0.00043224659945846996
0.0 0.0 0.0
      48 m=2.73237e-08 d=3.18582e+00
-0.4444145649754567 -0.7368440789050116 -0.01015539759472002
0.014743929789485901 -0.010286551486718478 -0.0007947779958313662
0.0 0.0 0.0
      49 m=2.73237e-08 d=3.18582e+00
0.4604258227582068 0.6388189906220735 -0.027406320638287764
-0.016670185076034193 0.010638652361109023 7.804237308889692e-05
0.0 0.0 0.0
      50 m=2.73237e-08 d=3.18582e+00
0.7173602557313355 0.39035248676202533 0.024547263830529648
-0.008982594557593442 0.01695347606501092 -6.491613919235573e-05
0.0 0.0 0.0
      51 m=2.73237e-08 d=3.18582e+00
0.7562494563866018 0.192364579926606 0.056177108215882024
-0.006142687480683538 0.019116917137748546 0.0008956988936164923
0.0 0.0 0.0
      52 m=2.73237e-08 d=3.18582e+00
-0.02969993411609201 -0.8243956780490853 -0.008819208176532672
0.019176604736964482 0.0008465647457929285 0.00036592780511251886
0.0 0.0 0.0
      53 m=2.73237e-08 d=3.18582e+00
-0.803527908191978 0.2978959955910158 -0.031071464098886222
-0.006896073357867551 -0.01724617950236312 -3.410459466307629e-05
0.0 0.0 0.0
      54 m=2.73237e-08 d=3.18582e+00
0.0683681044892013 -0.8547189314204386 0.0005708654211960601
0.018655924747782843 0.0007092555587348065 0.0002889952250769396
0.0 0.0 0.0
      55 m=2.73237e-08 d=3.18582e+00
0.6380277274002368 0.7147056946189679 -0.0023872326121591294
-0.012141321878370937 0.011498079853995726 -0.00021167132505284478
0.0 0.0 0.0
      56 m=2.73237e-08 d=3.18582e+00
0.7676512711323494 0.4427006469952955 0.027079335966665626
-0.009063719297747758 0.01582263824887417 -0.000660157304766379
0.0 0.0 0.0
      57 m=2.73237e-08 d=3.18582e+00
0.3356370339439304 -0.8240612810915103 0.04081574921852921
0.016852644251022196 0.007016181804675526 -8.12702355785193e-06
0.0 0.0 0.0
      58 m=2.73237e-08 d=3.18582e+00
-0.8629752008477126 -0.14935801882231314 0.006834729743676628
0.004064232462675411 -0.018202032245969856 -0.0002583568893371635
0.0 0.0 0.0
      59 m=2.73237e-08 d=3.18582e+00
0.6676681446419004 -0.6315800205943034 0.03505584994528007
0.01192525131624213 0.013272363107196922 0.0007668931762006818
0.0 0.0 0.0
      60 m=2.73237e-08 d=3.18582e+00
0.6785374801199062 -0.7270518574424771 0.061096798014524674
0.011499700031012661 0.011816078343413371 -0.0009255937319965355
0.0 0.0 0.0
      61 m=2.73237e-08 d=3.18582e+00
-0.7030946071487927 0.535318192165014 -0.007915131505091577
-0.011805995503499062 -0.014567325031174062 0.00022958054067624868
0.0 0.0 0.0
      62 m=2.73237e-08 d=3.18582e+00
0.8952301528352611 -0.46800881713220116 0.022526506227853137
0.00770058698941233 0.014542052004674965 -0.00023146055027587278
0.0 0.0 0.0
      63 m=2.73237e-08 d=3.18582e+00
0.6582046332697115 -0.6947701732799073 0.047888759116556205
0.012814364016231133 0.011837624961307821 -0.0012256320029739053
0.0 0.0 0.0
      64 m=2.73237e-08 d=3.18582e+00
-0.9381712164702547 0.29202159178966886 -0.02089784232027039
-0.005975544659337568 -0.016053966645202738 0.0002145132608795159
0.0 0.0 0.0
      65 m=2.73237e-08 d=3.18582e+00
-0.38314326461825254 -0.8639401662955458 -0.011421416440434307
0.015821393036949325 -0.008376106102460854 9.772432599524576e-05
0.0 0.0 0.0
      66 m=2.73237e-08 d=3.18582e+00
-0.22204227151851913 -0.9077581589180026 -0.004870631302023233
0.01763018555497946 -0.004445000189083408 -4.9613115681204146e-05
0.0 0.0 0.0
      67 m=2.73237e-08 d=3.18582e+00
-0.4106689020623263 0.8507063650225473 -0.04823502295852414
-0.016631603513866597 -0.007000720772812539 0.0005543945473747086
0.0 0.0 0.0
      68 m=2.73237e-08 d=3.18582e+00
-0.9938243409007003 -0.03902399243416932 -0.042892488040107576
0.0007105387648094069 -0.017236853743234387 8.940059071317337e-05
0.0 0.0 0.0
      69 m=2.73237e-08 d=3.18582e+00
0.32651042191313123 -0.9492801923707292 0.024833170469560246
0.016458058060341244 0.004927835838821786 -0.000445789394653511
0.0 0.0 0.0
      70 m=2.73237e-08 d=3.18582e+00
1.0469356624406934 -0.03419145319197309 0.009146733265722875
0.0020919066748910607 0.016411019991248325 -0.0002584568536954184
0.0 0.0 0.0
      71 m=2.73237e-08 d=3.18582e+00
0.5977866838026604 -0.8451945984481536 0.008257793668348645
0.014240478495832022 0.008968444800544003 -8.791699081375529e-05
0.0 0.0 0.0
      72 m=2.73237e-08 d=3.18582e+00
-0.32645609118686986 -1.0156292254668629 0.057837455114808804
0.015595261807098058 -0.004906118452618287 0.0009826429474514599
0.0 0.0 0.0
      73 m=2.73237e-08 d=3.18582e+00
0.15945086166815597 1.0271865349014344 -0.06471993596133077
-0.016494064149673884 0.0035976273233924013 -0.00048639143422161014
0.0 0.0 0.0
      74 m=2.73237e-08 d=3.18582e+00
-1.0156303621723828 0.19174048017754342 -0.01865643994316652
-0.004549118429060468 -0.016473363573345137 -0.0002994939265770591
0.0 0.0 0.0
      75 m=2.73237e-08 d=3.18582e+00
-0.9945422648128963 -0.4328301868311992 0.005631829770507361
0.006760819536975996 -0.014905769616605204 -8.017969883387902e-05
0.0 0.0 0.0
      76 m=2.73237e-08 d=3.18582e+00
0.5397118037453802 0.916416503118098 -0.015947770861107533
-0.014253279278964743 0.008755040335203993 -0.0012030547225925126
0.0 0.0 0.0
      77 m=2.73237e-08 d=3.18582e+00
0.07984922664391919 -1.0477016531267542 0.021934834323740493
0.016972240043549372 0.001567204254722213 5.765736806717333e-05
0.0 0.0 0.0
      78 m=2.73237e-08 d=3.18582e+00
0.8336423476199324 -0.8035687141054906 -0.014317589532969428
0.010633979899582549 0.01130976036718961 4.009405317760664e-05
0.0 0.0 0.0
      79 m=2.73237e-08 d=3.18582e+00
-0.9763672809801078 -0.44630771880709774 1.2275573436327706e-05
0.007243746876146041 -0.015205034728865937 5.299471215214672e-06
0.0 0.0 0.0
      80 m=2.73237e-08 d=3.18582e+00
0.30796790602049684 1.0467134889588237 0.018894132787269327
-0.016280864427336415 0.0034627460944271857 0.00032556310786872335
0.0 0.0 0.0
      81 m=2.73237e-08 d=3.18582e+00
0.6712416233506585 -0.8971707307141661 -0.04168053554008037
0.0130838411390532 0.009678982882989814 0.00042993544147458
0.0 0.0 0.0
      82 m=2.73237e-08 d=3.18582e+00
1.2169602146362855 -0.2105675174995322 0.08827566608335413
0.003129674928684804 0.014405725605145317 -0.0005128230740874097
0.0 0.0 0.0
      83 m=2.73237e-08 d=3.18582e+00
0.5594503832459747 1.0104953804016539 0.019422476245475065
-0.014006313817301368 0.0076108490733874795 0.0004113652996492419
0.0 0.0 0.0
      84 m=2.73237e-08 d=3.18582e+00
0.47159901735608933 -0.9818517235012232 -0.06970419558453915
0.015340685913180324 0.007152471741658166 2.18682447296035e-05
0.0 0.0 0.0
      85 m=2.73237e-08 d=3.18582e+00
1.1248757846398099 -0.32954870347475895 -0.0683771947072127
0.0045629286562155575 0.015155624580036744 0.0002834006686339982
0.0 0.0 0.0
      86 m=2.73237e-08 d=3.18582e+00
1.2554689763025055 0.2364052782371518 -0.0056653426655508664
-0.0029704982816120846 0.014254643008480034 -0.00017797351184782668
0.0 0.0 0.0
      87 m=2.73237e-08 d=3.18582e+00
-0.5889494810794982 -0.9218990618141343 -0.034928742848814434
0.014159542252047082 -0.00955040196015239 -0.0001806973505154111
0.0 0.0 0.0
      88 m=2.73237e-08 d=3.18582e+00
1.1939181815888624 -0.18904515074575695 -0.001074929936420427
0.0014922226073083205 0.015508309929405726 -0.0002795490222887719
0.0 0.0 0.0
      89 m=2.73237e-08 d=3.18582e+00
0.5737324817608253 1.1168636194346253 0.08983191228556109
-0.013297004462712914 0.006960469650758585 -0.0005107011165718635
0.0 0.0 0.0
      90 m=2.73237e-08 d=3.18582e+00
1.2505790255065135 0.23670068665713917 0.024271427808242485
-0.0023539688719366996 0.014726263510770204 -8.760571120488127e-05
0.0 0.0 0.0
      91 m=2.73237e-08 d=3.18582e+00
1.042768411906533 -0.7639707455618697 0.07364347486226529
0.009240865431581643 0.01145794204857726 0.0001661318309436769
0.0 0.0 0.0
      92 m=2.73237e-08 d=3.18582e+00
-0.8625311425839288 0.8128148751516378 -0.015889155669321746
-0.011595147900099828 -0.011250063539288173 -2.46290829146349e-05
0.0 0.0 0.0
      93 m=2.73237e-08 d=3.18582e+00
0.40376726387314155 1.1900874089017206 -0.052761679050672985
-0.014492505194127736 0.004880701585728528 -0.0006421806537557275
0.0 0.0 0.0
      94 m=2.73237e-08 d=3.18582e+00
-1.187417869152919 0.4475599953501924 0.07873456651725355
-0.004415936922036019 -0.014527126057870085 0.0008537810424576707
0.0 0.0 0.0
      95 m=2.73237e-08 d=3.18582e+00
-1.075287271060806 0.7033739044903919 -0.03248309258347663
-0.008334730238769983 -0.012599501976175344 0.00012194868472992367
0.0 0.0 0.0
      96 m=2.73237e-08 d=3.18582e+00
1.1213730963694273 -0.49568605341549715 0.000132026853068388
0.0072689164289290314 0.014128886478814433 -4.7877056754417764e-05
0.0 0.0 0.0
      97 m=2.73237e-08 d=3.18582e+00
0.7537412803811053 -1.093631894151527 0.0405814476054622
0.011889422727103974 0.008650426617901823 -0.0009415758820620248
0.0 0.0 0.0
      98 m=2.73237e-08 d=3.18582e+00
-0.7141653160215213 1.0935014162526233 -0.0040688296055490965
-0.012603421847040185 -0.008239965408281015 -0.0001523550676869844
0.0 0.0 0.0
      99 m=2.73237e-08 d=3.18582e+00
-1.0356574819933224 0.8114412635333793 0.08229625371303838
-0.009216805313142746 -0.011805773174780198 -0.0003874173123114954
0.0 0.0 0.0
     100 m=2.73237e-08 d=3.18582e+00
0.11413889632429663 1.3704106367994526 -0.0025830313205680994
-0.014246202722952775 0.0018692015693664663 0.001152329923767576
0.0 0.0 0.0
     101 m=2.73237e-08 d=3.18582e+00
0.4824748479803427 -1.2965096548656945 -0.0004585780112577008
0.013510563893610064 0.004946224981668811 -0.0002718046166046155
0.0 0.0 0.0
     102 m=2.73237e-08 d=3.18582e+00
1.3815415538164137 -0.35465499997482286 0.012406027319041868
0.00396199163854794 0.013421784690052087 0.0004012839970086334
0.0 0.0 0.0
     103 m=2.73237e-08 d=3.18582e+00
-1.3405139211841328 -0.03655216744968415 0.02640043105230942
0.0005956128872713204 -0.014959497642779384 1.511241077611664e-05
0.0 0.0 0.0
     104 m=2.73237e-08 d=3.18582e+00
0.9855613944764345 -1.0334197184627028 0.06221588752882101
0.009969697626319973 0.009953349906460993 0.0005115577572318243
0.0 0.0 0.0
     105 m=2.73237e-08 d=3.18582e+00
1.4477310170897513 0.17669429912960244 0.023305927640661347
-0.0009569534733413227 0.013802100383942742 0.0008762331192408376
0.0 0.0 0.0
     106 m=2.73237e-08 d=3.18582e+00
-0.3619861650707708 1.3556594262820927 0.07243898772769143
-0.013934108289840829 -0.0038489000233786555 -0.0006623991822701262
0.0 0.0 0.0
     107 m=2.73237e-08 d=3.18582e+00
-1.312691000985399 -0.6017270693019358 -0.03627427601667247
0.006365783698672401 -0.012590867115534582 -0.0007562769996942946
0.0 0.0 0.0
     108 m=2.73237e-08 d=3.18582e+00
-1.2758231180590536 0.710218062379669 0.011676314366399581
-0.006300749425759316 -0.01253631314812309 -0.0002238943401601959
0.0 0.0 0.0
     109 m=2.73237e-08 d=3.18582e+00
-1.4026848841908817 0.24862789781977104 -0.03720897110324035
-0.003041844017084336 -0.014118945070552473 2.3111949467343583e-05
0.0 0.0 0.0
     110 m=2.73237e-08 d=3.18582e+00
1.3342209161772192 0.6658045368753489 -0.007890897993700593
-0.006789347298550881 0.012069940715098905 0.0002587239799209464
0.0 0.0 0.0
     111 m=2.73237e-08 d=3.18582e+00
-0.4481048900305133 -1.488673064961346 0.0003610380144028406
0.012582562151327066 -0.004352615537479083 -6.997945908638828e-05
0.0 0.0 0.0
     112 m=2.73237e-08 d=3.18582e+00
-1.3033121238294836 0.5822369974998394 -0.09524452650742446
-0.00538475572131885 -0.013522975371548292 -0.00016362648531554578
0.0 0.0 0.0
     113 m=2.73237e-08 d=3.18582e+00
-0.9472391724599436 -1.2079312056190343 -0.027469858479729974
0.010632281204116942 -0.008468643881688644 0.0007275117939985352
0.0 0.0 0.0
     114 m=2.73237e-08 d=3.18582e+00
-0.6363762730793749 -1.3155522938325106 -0.004033634109209493
0.012662665834659484 -0.006757318232350455 -0.0006016606900068529
0.0 0.0 0.0
     115 m=2.73237e-08 d=3.18582e+00
0.7081901697007364 -1.2196844989154592 -0.029798349241249515
0.012251299995903388 0.008446214846994045 0.0010253777684050757
0.0 0.0 0.0
     116 m=2.73237e-08 d=3.18582e+00
-1.3814176630177957 0.4448688731330213 0.002166967868877122
-0.004570289222099186 -0.013834990207506826 -1.753538028300838e-08
0.0 0.0 0.0
     117 m=2.73237e-08 d=3.18582e+00
-1.3141280958027772 0.5622579195211289 -0.002009083372464855
-0.005545075584439923 -0.013758087363569458 0.00020780516482144258
0.0 0.0 0.0
     118 m=2.73237e-08 d=3.18582e+00
-1.6443964409958562 0.11573791186648091 -0.011009832200161522
-0.001225691671667631 -0.012844303478888795 -0.0002555862201561239
0.0 0.0 0.0
     119 m=2.73237e-08 d=3.18582e+00
0.5711114214237545 -1.5596135960695199 -0.00425619229901467
0.012169342814534585 0.004125230536600412 0.0004949171385730341
0.0 0.0 0.0
     120 m=2.73237e-08 d=3.18582e+00
1.535477622655497 0.2752428890420583 -0.12551270504874235
-0.0023789235601129445 0.01352728657926893 0.00013653041346254393
0.0 0.0 0.0
     121 m=2.73237e-08 d=3.18582e+00
-1.4904556372581288 0.44192509882460446 0.0766718988224003
-0.003881755752296527 -0.01328751211020473 -0.0007511882604449321
0.0 0.0 0.0
     122 m=2.73237e-08 d=3.18582e+00
0.7331923579174646 -1.3696302001248246 0.07706238306248539
0.01221638194085648 0.006673510280574667 0.00033020847071866724
0.0 0.0 0.0
     123 m=2.73237e-08 d=3.18582e+00
1.6364145988494063 0.18631132475731327 0.012839855271172915
-0.0007426799480478325 0.01316835026023196 0.0004377429529908387
0.0 0.0 0.0
     124 m=2.73237e-08 d=3.18582e+00
-1.1653105346764343 -1.1192642446449566 -0.051542381324143474
0.008870241928800895 -0.010160216408907763 0.0006424609318442689
0.0 0.0 0.0
     125 m=2.73237e-08 d=3.18582e+00
-1.5492431624931593 0.6068455347988313 -0.020845132290643224
-0.004808278019437474 -0.012254240787063032 -3.685576898417987e-05
0.0 0.0 0.0
     126 m=2.73237e-08 d=3.18582e+00
-1.1511157410155675 -0.9883237603206025 0.10023270575328745
0.00932441508569726 -0.010996214774199556 -0.000605742103087541
0.0 0.0 0.0
     127 m=2.73237e-08 d=3.18582e+00
1.5628884128167964 -0.8308274707246002 -0.007701615449219243
0.005962090511341754 0.010916292967133305 -7.60050610677375e-05
0.0 0.0 0.0
     128 m=2.73237e-08 d=3.18582e+00
-0.4724553657176991 -1.61523235311927 0.09569105987535986
0.012536430593192423 -0.003924716310051956 -0.00048572578334365665
0.0 0.0 0.0
     129 m=2.73237e-08 d=3.18582e+00
0.22249393468735498 -1.6973458916530442 -0.0385729596925888
0.0128529611411748 0.0016892195659988004 0.0007812307862813061
0.0 0.0 0.0
     130 m=2.73237e-08 d=3.18582e+00
1.7506839970720658 -0.2675992656688022 0.051626097019616755
0.00150392073902505 0.012492918685797796 -0.00020395694700198254
0.0 0.0 0.0
     131 m=2.73237e-08 d=3.18582e+00
-1.2387715846465457 -1.0341171184509557 -0.1255119322254589
0.008295596523858417 -0.011059006608933358 -0.0004231635528704772
0.0 0.0 0.0
     132 m=2.73237e-08 d=3.18582e+00
-0.5174549035100404 -1.6187464858072835 0.07332006312753904
0.012330369206872789 -0.004722485998688289 0.0007182058924030093
0.0 0.0 0.0
     133 m=2.73237e-08 d=3.18582e+00
-1.380601598978043 -0.7247353216685471 0.026110596683031125
0.0064096583011194665 -0.01289373569754747 -0.0006109273388891934
0.0 0.0 0.0
     134 m=2.73237e-08 d=3.18582e+00
-1.5329833294115964 -0.7246016617570803 -0.08468140699814285
0.005396972667981871 -0.012198988530509998 -0.0003454330458661634
0.0 0.0 0.0
     135 m=2.73237e-08 d=3.18582e+00
-1.0720474123933006 -1.2557812119498908 -0.01880470828699831
0.010832614387499868 -0.008471546503748612 6.409487727585991e-05
0.0 0.0 0.0
     136 m=2.73237e-08 d=3.18582e+00
1.5047466239524812 -0.971681331091558 -0.13755143249774104
0.006658455815643944 0.010817213873425408 -0.00015931562684701027
0.0 0.0 0.0
     137 m=2.73237e-08 d=3.18582e+00
-1.5792011275181623 0.8343028000323667 0.04991973357018848
-0.00669845694380221 -0.010927298971230097 0.0003335976881497804
0.0 0.0 0.0
     138 m=2.73237e-08 d=3.18582e+00
1.3152315778417742 -1.258656243152044 -0.15551458665566342
0.00824121994147458 0.009501436323549972 0.0002847511577414804
0.0 0.0 0.0
     139 m=2.73237e-08 d=3.18582e+00
1.2264121530639402 1.3939336909011937 0.05965067115179558
-0.00960144300684704 0.00783954363778555 -0.000706291454987712
0.0 0.0 0.0
     140 m=2.73237e-08 d=3.18582e+00
-1.2688185605084605 1.305808124225785 -0.027067849692670478
-0.008865774653424622 -0.009117248340565074 -0.00012126429804965556
0.0 0.0 0.0
     141 m=2.73237e-08 d=3.18582e+00
1.5158044165557412 1.118023324648159 0.016183616799345456
-0.006728000741602732 0.0103277305193603 -0.000407579674016231
0.0 0.0 0.0
     142 m=2.73237e-08 d=3.18582e+00
0.3840979813092438 -1.931872818453812 0.04199135230801876
0.011662701163134356 0.0018492655799663433 7.958007335295467e-05
0.0 0.0 0.0
     143 m=2.73237e-08 d=3.18582e+00
0.4541033603651465 -1.788609224785021 0.07687861865054336
0.012309587588238155 0.0030071946411220503 0.00022555584505878982
0.0 0.0 0.0
     144 m=2.73237e-08 d=3.18582e+00
1.7823287994160153 -0.052386899338660975 0.011233881945100978
0.00027070532176822794 0.013157978994647235 0.0001094269103183249
0.0 0.0 0.0
     145 m=2.73237e-08 d=3.18582e+00
-0.49946360937517087 1.8488574543509215 0.08368526330150974
-0.012068222235338905 -0.0022895032131645676 -0.0005291289750704311
0.0 0.0 0.0
     146 m=2.73237e-08 d=3.18582e+00
-0.2265411313678427 1.7162087024897754 -0.0006116907598612601
-0.013481066718579715 -0.00191743979071674 3.4272483579344686e-05
0.0 0.0 0.0
     147 m=2.73237e-08 d=3.18582e+00
-1.1466670718209087 -1.6328553468676312 0.09943403263878536
0.010089319679109638 -0.006219388840401964 -0.0006359567755857181
0.0 0.0 0.0
     148 m=2.73237e-08 d=3.18582e+00
1.8863124420433866 -0.36290771648838727 -0.015378721741676616
0.0014700456112229298 0.012313987857569505 -7.507520875146994e-05
0.0 0.0 0.0
     149 m=2.73237e-08 d=3.18582e+00
-0.4506307157801248 -1.906778428023648 0.08551355827611333
0.011845373356029254 -0.002870769913296876 4.60676614199953e-05
0.0 0.0 0.0
     150 m=2.73237e-08 d=3.18582e+00
-1.9275593060722265 0.6725390386114645 0.07814574898012058
-0.0038941338898503966 -0.011057839184354788 0.0002949563794843547
0.0 0.0 0.0
     151 m=2.73237e-08 d=3.18582e+00
0.49295412080293155 1.8982842565181752 0.01281287683187636
-0.011950369412373556 0.0027957109326231947 0.00013884146985997122
0.0 0.0 0.0
     152 m=2.73237e-08 d=3.18582e+00
1.5938213800941992 -1.1321180978058423 -0.10073389076327102
0.0068623905740466075 0.01023428950816743 -0.0006509068530440628
0.0 0.0 0.0
     153 m=2.73237e-08 d=3.18582e+00
1.8249655770586175 0.8874369754692967 0.008041379294828937
-0.006068299039934364 0.010284241022876827 -8.427331422671265e-05
0.0 0.0 0.0
     154 m=2.73237e-08 d=3.18582e+00
1.9415275275782877 0.5433666891563942 -0.04866966545467062
-0.00336417232685152 0.011580834244728715 -4.379377426997205e-05
0.0 0.0 0.0
    1000 m=9.55110e-04 d=1.32600e+00
-3.9221051541650103 3.615076175903113 -0.005799421994959031
-0.00521031798875617 -0.005195858472560751 -4.601181812421322e-05
0.0 0.0 0.0
    1001 m=2.85730e-04 d=6.87000e-01
-7.966838880651688 -5.799353977407862 0.15319269778096606
0.0029620957515577194 -0.0045172613406566356 6.08235514644637e-06
0.0 0.0 0.0
