)O+_05 Big-body initial data  (WARNING: Do not delete this line!!)
) Lines beginning with `)' are ignored.
)---------------------------------------------------------------------
 style (Cartesian, Asteroidal, Cometary) =  Cartesian
 epoch (in days) =  0.0
)---------------------------------------------------------------------
       1 m=2.35461e-07 d=3.49659e+00
-0.4273243148645439 -0.11924095146296271 -0.0009566751436350268
0.006723948223683297 -0.02486374893083266 -0.00021526567147560244
0.0 0.0 0.0
       2 m=6.56889e-07 d=3.94288e+00
-0.44574818593709953 -0.5328438196884742 9.988908040310817e-05
0.01577776849549103 -0.013293998340712904 1.39222830350368e-06
0.0 0.0 0.0
       3 m=4.69748e-07 d=3.76408e+00
0.8712018088569953 -0.18063127891089548 0.0015396736218792925
0.0037868004298397947 0.01777740552207103 3.26770356828271e-05
0.0 0.0 0.0
       4 m=3.73998e-07 d=3.66039e+00
0.8388367899700973 0.5975058836401789 -0.002039179926144003
-0.009886464204676034 0.013758495574350374 0.0001310965292876153
0.0 0.0 0.0
       5 m=3.14189e-07 d=3.58113e+00
-1.053406597115718 -0.4649951188876138 0.0069263413101217745
0.006555416191182594 -0.014660710340562731 -1.515542838784811e-05
0.0 0.0 0.0
       6 m=2.72823e-07 d=3.53303e+00
1.2526365016624634 0.20058350561733607 -0.00013421159734406632
-0.00242882402697349 0.015085316917659039 -1.6169988657011253e-05
0.0 0.0 0.0
       7 m=2.42286e-07 d=3.50359e+00
-0.5438981416231663 1.2606812454478122 6.016012199945895e-05
-0.013501386141012343 -0.0057821928977912305 -1.3219879052027096e-05
0.0 0.0 0.0
       8 m=2.18699e-07 d=3.47852e+00
-0.9587862361640866 1.1236561045103461 -0.0068777976385311496
-0.01077050132513661 -0.009140142432911894 -4.150904273685927e-05
0.0 0.0 0.0
       9 m=1.99859e-07 d=3.45829e+00
-1.0038463242760693 1.179403300576998 -0.0006952036948111422
-0.010568816976817738 -0.009001934794894102 -4.46240389772629e-05
0.0 0.0 0.0
      10 m=1.84419e-07 d=3.44152e+00
1.3539360821984914 0.9519952085917873 0.006076785119909832
-0.007662872145919606 0.010924405642297854 -5.006394595823152e-05
0.0 0.0 0.0
      11 m=1.71505e-07 d=3.42637e+00
-0.733324567718409 -1.565750142392073 0.00023242450599360637
0.011850863934586685 -0.005552783580763088 -5.28083398173911e-06
0.0 0.0 0.0
      12 m=1.60521e-07 d=3.41256e+00
1.6969120333004004 -0.6459516524348408 -0.00367444420080794
0.00459542611273027 0.011882086817709752 7.446704957778647e-05
0.0 0.0 0.0
      13 m=1.51050e-07 d=3.39988e+00
1.8845870315592737 0.024336343231900814 0.013199222651300302
-0.00016976309955698664 0.01252327403014868 -4.58678828489601e-06
0.0 0.0 0.0
      14 m=1.42789e-07 d=3.38958e+00
-1.9385406713343671 0.2563410002280594 -0.0016059653002857052
-0.0015928361254715303 -0.012196826508194987 5.961312679188743e-05
0.0 0.0 0.0
      15 m=1.35511e-07 d=3.38016e+00
1.2097050701395156 1.6253390127426166 0.011132143042733956
-0.009665240946881455 0.007246124214136246 -6.214462754536266e-05
0.0 0.0 0.0
      16 m=3.50565e-09 d=3.10507e+00
-0.2626309749749741 0.18464895613374138 0.001324560755169681
-0.017459570476682177 -0.02483563297667213 0.000188260127789091
0.0 0.0 0.0
      17 m=1.01789e-08 d=3.13377e+00
-0.22964775893244024 0.27883843935242 0.0023557923461332963
-0.022087007221065578 -0.01819248436012784 -0.00010958723599000639
0.0 0.0 0.0
      18 m=1.62328e-08 d=3.15429e+00
0.2463004626432814 0.3107851661292255 -0.0020513402415076555
-0.021324403867171264 0.017119649633489283 0.00015782528082566576
0.0 0.0 0.0
      19 m=2.17849e-08 d=3.17111e+00
0.37695963966356744 0.20779425944367208 0.000812486324639654
-0.012655877000790756 0.022973440233034485 5.353642358812497e-05
0.0 0.0 0.0
      20 m=2.69393e-08 d=3.18480e+00
0.44210405399790226 -0.1278089107028283 -0.0019231304602293203
0.006910923446836062 0.02443916696564038 -1.824143867167588e-05
0.0 0.0 0.0
      21 m=3.17699e-08 d=3.19813e+00
0.4036388892837759 -0.277924596330846 0.002001098891272526
0.01406589818438406 0.02016671188999466 -6.442895057429312e-05
0.0 0.0 0.0
      22 m=3.63309e-08 d=3.21078e+00
-0.29637587882288075 -0.42233112376982734 -0.00013669193385652917
0.019625728940983852 -0.013808733389172467 1.586313685738411e-05
0.0 0.0 0.0
      23 m=4.06627e-08 d=3.22141e+00
0.5379718831664331 -0.10644360540405264 6.016175424540006e-05
0.0045644762426167015 0.02268103422573806 4.540859374706286e-05
0.0 0.0 0.0
      24 m=4.47968e-08 d=3.23055e+00
-0.5682243643114973 0.03607715368475513 0.0005759504856845972
-0.0013440850778983836 -0.02274720815399854 -7.282422156159463e-05
0.0 0.0 0.0
      25 m=4.87579e-08 d=3.23854e+00
-0.42275057325603543 0.41314499293978785 6.697588899897994e-05
-0.01561860982329242 -0.01606078523274322 -1.4492804540863714e-06
0.0 0.0 0.0
      26 m=5.25661e-08 d=3.24564e+00
-0.6160603822676806 0.013895777849640523 -0.0021452036719830227
-0.0004910898355911858 -0.021894799138381365 5.784372796193484e-05
0.0 0.0 0.0
      27 m=5.62378e-08 d=3.25201e+00
0.3777808150499354 0.5139334851941191 0.005179489699282078
-0.017327767332863005 0.012782944789436455 -9.020346088344213e-06
0.0 0.0 0.0
      28 m=5.97867e-08 d=3.25778e+00
-0.608112222919709 -0.2596951732918033 -0.004701460037039836
0.008328528624192614 -0.019402636222986613 0.00010480539448960642
0.0 0.0 0.0
      29 m=6.32245e-08 d=3.26521e+00
-0.065102572470283 -0.6759170708595701 0.0006888113033711503
0.020786180193768183 -0.0019908528008530067 7.505776994646911e-05
0.0 0.0 0.0
      30 m=6.65783e-08 d=3.27225e+00
0.5420882624723246 -0.43411416658244906 0.0019291074748675092
0.01289903891096834 0.016210820473083778 7.174762310386594e-05
0.0 0.0 0.0
      31 m=6.40055e-08 d=3.26688e+00
-0.71656405491065 -0.1112778836079819 -0.004497556676832555
0.003139950929741875 -0.019868933255057147 9.733456911428752e-05
0.0 0.0 0.0
      32 m=6.15566e-08 d=3.26157e+00
-0.40070852007021485 0.6206938314776196 -0.0012124370784487686
-0.016817267015409896 -0.010831428856671424 5.890458129033679e-05
0.0 0.0 0.0
      33 m=5.93158e-08 d=3.25704e+00
-0.7298287190866668 0.19908908063438494 -0.0014538078305532055
-0.00520836259687054 -0.019080597417716557 -2.9227501890861905e-06
0.0 0.0 0.0
      34 m=5.72566e-08 d=3.25370e+00
-0.21523210363444434 -0.7470422663484848 0.0024300580722830126
0.018723849908399225 -0.005351987401874361 -8.878730584726267e-05
0.0 0.0 0.0
      35 m=5.53568e-08 d=3.25052e+00
0.7399630216021933 -0.27597874200802086 0.0015454907509445761
0.006824425638314115 0.018146012318600212 7.271054410721419e-05
0.0 0.0 0.0
      36 m=5.35979e-08 d=3.24747e+00
0.5779278659290448 -0.5659583311213554 -0.003994731017345993
0.013271890024663863 0.013781370700015136 3.21738865671895e-05
0.0 0.0 0.0
      37 m=5.19641e-08 d=3.24455e+00
-0.7584920097038724 -0.3258107153703271 0.002706780627829514
0.0074004669784735345 -0.017436570899937186 -0.00013036225796406013
0.0 0.0 0.0
      38 m=5.04420e-08 d=3.24175e+00
-0.7690516470075558 0.35056383875843544 0.0026996655255542177
-0.007685043317159009 -0.01703217624509411 2.5138300651202843e-05
0.0 0.0 0.0
      39 m=4.90200e-08 d=3.23905e+00
0.8412208900656719 -0.19053361880847167 -0.0018529846443197603
0.003957526474055449 0.018056437929233386 -9.294007748381978e-05
0.0 0.0 0.0
      40 m=4.76882e-08 d=3.23645e+00
-0.11930848724427368 -0.8614719200621834 0.00035922087475895526
0.01831508387767683 -0.0026227299271516687 -4.9609136576760484e-06
0.0 0.0 0.0
      41 m=4.64378e-08 d=3.23394e+00
-0.8682457061540431 0.2113306999348007 -0.002452613196795599
-0.00428444873871787 -0.017654967866445985 -2.8564810339129355e-05
0.0 0.0 0.0
      42 m=4.52614e-08 d=3.23152e+00
-0.5727107604888275 0.711716941869974 -0.0013730892895968995
-0.013935889626493255 -0.0112700892952275 0.0001209597723947607
0.0 0.0 0.0
      43 m=4.41522e-08 d=3.22918e+00
-0.027164174302421032 -0.9201665936496424 0.005662547885103526
0.0179221840950996 -0.000653155405999799 4.016784071921583e-05
0.0 0.0 0.0
      44 m=4.31045e-08 d=3.22691e+00
0.6228974171384041 0.6971456408949562 0.0013646071725218342
-0.013195701432042226 0.011948625580856603 -6.1007653506950933e-05
0.0 0.0 0.0
      45 m=4.21130e-08 d=3.22472e+00
0.8296023200853885 -0.46515142296643547 -0.00031704186977788936
0.008695301282807336 0.015341506144585857 2.7937127139074273e-05
0.0 0.0 0.0
      46 m=4.11732e-08 d=3.22259e+00
-0.5677198259822577 0.7892445244946916 0.002407577918694618
-0.01404794741067195 -0.010234929732630786 -7.942306696454592e-05
0.0 0.0 0.0
      47 m=4.02808e-08 d=3.22052e+00
-0.9133272258242858 0.3701747289698904 -0.00025310126135261624
-0.006492997443647401 -0.016006069307224178 -4.1484763835434036e-05
0.0 0.0 0.0
      48 m=3.94324e-08 d=3.21851e+00
-0.5159472873871375 -0.8559378089163387 -0.001179811398698904
0.014634668614610692 -0.008948070230513373 -7.472585035512365e-05
0.0 0.0 0.0
      49 m=3.86245e-08 d=3.21656e+00
0.5865926317588664 0.8138108473732457 -0.0034900677283796807
-0.0140179980008053 0.009979885610618319 3.762124719001679e-06
0.0 0.0 0.0
      50 m=3.78542e-08 d=3.21466e+00
0.89509281451481 0.4870017587652384 0.003061909505062319
-0.008134106458535597 0.01499009383284966 -6.278341709234537e-06
0.0 0.0 0.0
      51 m=3.71188e-08 d=3.21281e+00
0.9952239225379116 0.2550001312290863 0.007386505585600752
-0.004328396906462619 0.016466522420997515 8.249544427766514e-05
0.0 0.0 0.0
      52 m=3.64159e-08 d=3.21100e+00
-0.0377276273738317 -1.044418779229099 -0.0011173200590646058
0.01683846284250328 -0.00047006945652300954 3.090996762393507e-05
0.0 0.0 0.0
      53 m=3.57433e-08 d=3.20925e+00
-0.9944163392026967 0.36864643796908597 -0.003843599425705438
-0.005845734136234522 -0.01564673743475151 -1.6838284566990535e-06
0.0 0.0 0.0
      54 m=3.50990e-08 d=3.20753e+00
0.08551900989162234 -1.069066206581376 7.140559882483322e-05
0.016570310149037787 0.0012552336045273406 2.5702312837006448e-05
0.0 0.0 0.0
      55 m=3.44811e-08 d=3.20585e+00
0.7302335247127044 0.8180183238288761 -0.0002732341487828348
-0.012167028467651681 0.01092029332065727 -2.0594031539110184e-05
0.0 0.0 0.0
      56 m=3.38881e-08 d=3.20422e+00
0.952414855365922 0.5485570875930283 0.003358329866179741
-0.008185577664689424 0.014218201521949709 -5.94600706989213e-05
0.0 0.0 0.0
      57 m=3.33183e-08 d=3.20262e+00
0.41906523628589876 -1.0289015867119258 0.005092610332402032
0.015112212172247395 0.0061687744608051555 -2.0642947093250515e-07
0.0 0.0 0.0
      58 m=3.27704e-08 d=3.20105e+00
-1.104171616759461 -0.19104342872248264 0.0008745003884894795
0.002853793164814834 -0.016020416716784325 -2.2014743921553282e-05
0.0 0.0 0.0
      59 m=3.22431e-08 d=3.19952e+00
0.8265843445237808 -0.7806093463097838 0.004335872611784635
0.011043602850666797 0.011750244873058474 7.063059723304364e-05
0.0 0.0 0.0
      60 m=3.17351e-08 d=3.19802e+00
0.7884510902914461 -0.8475616794791512 0.007106131502866977
0.011605572463257656 0.010898679038993818 -8.488964059276654e-05
0.0 0.0 0.0
      61 m=3.12455e-08 d=3.19656e+00
-0.9183012385893035 0.6992515266287134 -0.0010338264260115458
-0.00976434003124161 -0.012739491090756545 2.0050127515137612e-05
0.0 0.0 0.0
      62 m=3.07731e-08 d=3.19512e+00
1.0461667770090934 -0.5471240272323783 0.0026323204472698254
0.007315784967983867 0.013972765360304989 -2.234472462373624e-05
0.0 0.0 0.0
      63 m=3.03170e-08 d=3.19371e+00
0.813220585454812 -0.8614128697736922 0.005927673225438051
0.011496704435127566 0.0108332965086127 -0.00011149526985406074
0.0 0.0 0.0
      64 m=2.98764e-08 d=3.19243e+00
-1.144235377039633 0.3563435372042379 -0.002548606832301788
-0.0047450472570530035 -0.014956945578618553 2.1315771806428916e-05
0.0 0.0 0.0
      65 m=2.94505e-08 d=3.19137e+00
-0.48826510233980747 -1.1008645966383637 -0.0014553230406855622
0.014297583910848049 -0.006462734548344571 9.769936304085424e-06
0.0 0.0 0.0
      66 m=2.90384e-08 d=3.19032e+00
-0.28811456708389716 -1.1779118318291275 -0.0006320097339434488
0.015204529551226203 -0.0037308796756019007 -4.220181212765195e-06
0.0 0.0 0.0
      67 m=2.86396e-08 d=3.18930e+00
-0.531361019858222 1.1030931848403436 -0.006247769267446171
-0.014067985903492126 -0.006687303256255389 5.1463048644676833e-05
0.0 0.0 0.0
      68 m=2.82533e-08 d=3.18830e+00
-1.2393359426835735 -0.04852947657281459 -0.005345573793392856
0.0006077327044814685 -0.01543510321356839 7.877132379811766e-06
0.0 0.0 0.0
      69 m=2.78790e-08 d=3.18731e+00
0.40663971609187577 -1.1835138798921374 0.0030954672104433574
0.014563120238393904 0.0049389777782731506 -4.128875121178446e-05
0.0 0.0 0.0
      70 m=2.75161e-08 d=3.18634e+00
1.2667068649412423 -0.04145938868960325 0.001106704750439102
0.0006374480754884606 0.015237276189233127 -2.506270831143481e-05
0.0 0.0 0.0
      71 m=2.71639e-08 d=3.18538e+00
0.7361501546299833 -1.0408723395228399 0.001016930082571969
0.012477787486091655 0.008726001151109476 -8.551804233906111e-06
0.0 0.0 0.0
      72 m=2.68222e-08 d=3.18452e+00
-0.3922290429277039 -1.2270611636655064 0.0069815940978801795
0.01441477952882083 -0.004602607538666063 9.110408208956923e-05
0.0 0.0 0.0
      73 m=2.64902e-08 d=3.18372e+00
0.19763168676392426 1.2796525537665664 -0.00805228624804298
-0.014925673080873338 0.0024004841767648576 -3.83675856068084e-05
0.0 0.0 0.0
      74 m=2.61678e-08 d=3.18293e+00
-1.2810559762141251 0.24165945990698234 -0.002352996453415731
-0.0029196234383123865 -0.014791439773233269 -2.4472751659358764e-05
0.0 0.0 0.0
      75 m=2.58543e-08 d=3.18215e+00
-1.2089300645158307 -0.5261151082362748 0.0006845779597610501
0.005993424344790745 -0.01371528408301287 -7.225457365076082e-06
0.0 0.0 0.0
      76 m=2.55494e-08 d=3.18138e+00
0.6718348256487695 1.1421446957518577 -0.001988505816216607
-0.012872137397340827 0.007605834935459762 -0.00010697630008047379
0.0 0.0 0.0
      77 m=2.52528e-08 d=3.18063e+00
0.1013227588008978 -1.3287824329653848 0.002781572754517616
0.01487973428795378 0.0011591583232756072 5.49515995692097e-06
0.0 0.0 0.0
      78 m=2.49642e-08 d=3.17989e+00
0.9754335403939453 -0.9402727703256202 -0.0016752227391398664
0.010214783838887027 0.010621823728002818 3.6010582279755006e-06
0.0 0.0 0.0
      79 m=2.46831e-08 d=3.17916e+00
-1.2309329291647357 -0.5626723477031051 1.5476151362665639e-06
0.006177976139286344 -0.013457386607506786 4.6622568408100375e-07
0.0 0.0 0.0
      80 m=2.44093e-08 d=3.17844e+00
0.3851044856584811 1.3097514274058677 0.002364033036182058
-0.014168281618118757 0.004046836817999137 3.0652123521979e-05
0.0 0.0 0.0
      81 m=2.41424e-08 d=3.17773e+00
0.8243388521332351 -1.1029232509630427 -0.0051203183676148374
0.011748716500654531 0.008772825113232652 3.895225401870677e-05
0.0 0.0 0.0
      82 m=2.38823e-08 d=3.17703e+00
1.3792880867528798 -0.24055037089985037 0.00999290326034568
0.0025389851989266053 0.014246899813491748 -5.415829057873993e-05
0.0 0.0 0.0
      83 m=2.36286e-08 d=3.17635e+00
0.677106310317196 1.2236320645533085 0.002351672777283358
-0.012728089155306908 0.007030826215901629 3.768294034279107e-05
0.0 0.0 0.0
      84 m=2.33811e-08 d=3.17567e+00
0.605761271925228 -1.2613795577904467 -0.008942518773590438
0.013153289561787188 0.0062973130226792705 2.8356876187605005e-06
0.0 0.0 0.0
      85 m=2.31396e-08 d=3.17500e+00
1.3604489749571758 -0.3993436920404493 -0.008262153386593472
0.004076715613874158 0.013855035101386304 2.635657767001388e-05
0.0 0.0 0.0
      86 m=2.29039e-08 d=3.17434e+00
1.4140172450081838 0.2662995414243943 -0.0006380947246216034
-0.0026677853988322543 0.014028311303410326 -1.75669288713827e-05
0.0 0.0 0.0
      87 m=2.26736e-08 d=3.17369e+00
-0.7670548578819527 -1.201101560400449 -0.004548804294010025
0.012170864866025796 -0.007818919839118789 -1.4271283892838566e-05
0.0 0.0 0.0
      88 m=2.24487e-08 d=3.17304e+00
1.4298377306725052 -0.22638904896337175 -0.0001287404368123947
0.0021491217931215454 0.014126407552709731 -2.57532573124498e-05
0.0 0.0 0.0
      89 m=2.22289e-08 d=3.17241e+00
0.669345917497902 1.2990902652631386 0.010439877795131511
-0.01262003025333768 0.006510829058110192 -4.882423730908561e-05
0.0 0.0 0.0
      90 m=2.20141e-08 d=3.17178e+00
1.4457370732870025 0.27354806600397363 0.002805558744571242
-0.0025926826342799 0.01391063791414429 -9.009794067009955e-06
0.0 0.0 0.0
      91 m=2.18041e-08 d=3.17117e+00
1.1959011655861103 -0.8757141820775465 0.008435388946915397
0.008375805301840341 0.011331740694881286 1.2518442113723897e-05
0.0 0.0 0.0
      92 m=2.15987e-08 d=3.17056e+00
-1.0750806680868648 1.0131005894992917 -0.001980335982415809
-0.009775697055456115 -0.010277469070841542 -1.4008834218957461e-06
0.0 0.0 0.0
      93 m=2.13977e-08 d=3.16995e+00
0.4786331946532394 1.4148106459368535 -0.00626878952203659
-0.01333060181974771 0.004508795171704205 -5.9103989237349906e-05
0.0 0.0 0.0
      94 m=2.12010e-08 d=3.16936e+00
-1.4079679600965993 0.527719259080742 0.009323130200947922
-0.004840151795251378 -0.013159435072856874 8.379946866550838e-05
0.0 0.0 0.0
      95 m=2.10086e-08 d=3.16877e+00
-1.2657955624777555 0.8281758781956703 -0.003823304005907024
-0.007660081279500043 -0.01169518239387707 1.1444302110434304e-05
0.0 0.0 0.0
      96 m=2.08201e-08 d=3.16827e+00
1.3846960417432814 -0.6120842542160561 1.6302990481885604e-05
0.005742794881434017 0.012779438343598895 -4.2368820709061605e-06
0.0 0.0 0.0
      97 m=2.06356e-08 d=3.16777e+00
0.8690012088747734 -1.2634485627490324 0.004686842896962669
0.011409488064624983 0.007892256559194313 -8.77165134753939e-05
0.0 0.0 0.0
      98 m=2.04548e-08 d=3.16727e+00
-0.8412159607566834 1.2879923894077994 -0.00047926291226076903
-0.011612112979296886 -0.007584877297087309 -1.4034612476073346e-05
0.0 0.0 0.0
      99 m=2.02776e-08 d=3.16679e+00
-1.2173092944690957 0.9553290644356305 0.00966769903300318
-0.00853378871938755 -0.010881152014485907 -3.552439282658222e-05
0.0 0.0 0.0
     100 m=2.01040e-08 d=3.16630e+00
0.12976326410525796 1.5566007116120155 -0.0002937104841400787
-0.013685564414313948 0.0012036802072519824 0.00011017941828100777
0.0 0.0 0.0
     101 m=1.99339e-08 d=3.16582e+00
0.5476349685944006 -1.4715944151729519 -5.205370569900242e-05
0.012847805633504359 0.004773598372392962 -2.5888029142924063e-05
0.0 0.0 0.0
     102 m=1.97670e-08 d=3.16535e+00
1.5331812416906443 -0.3933827284413878 0.0013768781511356285
0.0034336002476464066 0.01319491536397589 3.872448695914562e-05
0.0 0.0 0.0
     103 m=1.96034e-08 d=3.16489e+00
-1.5796330196293653 -0.043091641816747295 0.003110574545627751
0.0003908319733755463 -0.013689525983725335 1.685694483775873e-06
0.0 0.0 0.0
     104 m=1.94429e-08 d=3.16442e+00
1.1036859031761275 -1.1554202590871439 0.006958653576718486
0.009801091257804304 0.00940102643956612 5.045755281639083e-05
0.0 0.0 0.0
     105 m=1.92855e-08 d=3.16397e+00
1.5969400902773676 0.19570657036736294 0.0025723893364583026
-0.001577398171501574 0.013431857668438248 8.462145598486337e-05
0.0 0.0 0.0
     106 m=1.91309e-08 d=3.16352e+00
-0.4134428848746319 1.5555854355687622 0.008305143976178668
-0.013096228123091185 -0.003495605491419084 -6.141073170347935e-05
0.0 0.0 0.0
     107 m=1.89793e-08 d=3.16307e+00
-1.4736079893875211 -0.6766998457963778 -0.004074516014136282
0.005674053522690502 -0.01223919792390123 -7.343208796066724e-05
0.0 0.0 0.0
     108 m=1.88304e-08 d=3.16263e+00
-1.4246836863179924 0.793200404919497 0.0013039383848654606
-0.006494683900853034 -0.01177919289267597 -2.1070561288504024e-05
0.0 0.0 0.0
     109 m=1.86842e-08 d=3.16219e+00
-1.6085860920507087 0.2851791157880646 -0.004266159849668233
-0.0023985846827629916 -0.013245377313517796 3.317444075125311e-06
0.0 0.0 0.0
     110 m=1.85407e-08 d=3.16175e+00
1.4750418591386536 0.7359881778042774 -0.0008723944946993584
-0.006028646408149846 0.011938474613967118 2.469686376053955e-05
0.0 0.0 0.0
     111 m=1.83996e-08 d=3.16133e+00
-0.47921818374557723 -1.5920326969201901 3.861069737993978e-05
0.012715287955036323 -0.0038803127067201654 -7.0045083032933315e-06
0.0 0.0 0.0
     112 m=1.82611e-08 d=3.16090e+00
-1.511861241879052 0.6745678323547424 -0.011030401060243441
-0.005403240711483088 -0.012245515224940006 -1.8301445729421085e-05
0.0 0.0 0.0
     113 m=1.81250e-08 d=3.16048e+00
-1.0336811327556439 -1.3168747795287794 -0.002996956802227087
0.01043228475166464 -0.008199754664023385 7.10991479180934e-05
0.0 0.0 0.0
     114 m=1.79912e-08 d=3.16007e+00
-0.7284189442597595 -1.5060475361130983 -0.00046189077612844446
0.01195976589632789 -0.005844176607593056 -5.567992535568276e-05
0.0 0.0 0.0
     115 m=1.78597e-08 d=3.15965e+00
0.8400004128048035 -1.4490457769763545 -0.003540873600069488
0.011474943173241365 0.006779219600966245 8.998944812418409e-05
0.0 0.0 0.0
     116 m=1.77304e-08 d=3.15924e+00
-1.6042210424336854 0.5166200266197059 0.00025164676834274084
-0.0040799532119222244 -0.012635456873745895 -1.4936731544654203e-08
0.0 0.0 0.0
     117 m=1.76033e-08 d=3.15884e+00
-1.5535719551456544 0.6647233513258636 -0.00023752381742334484
-0.0051945157312823205 -0.012215945897157477 1.8564052664819585e-05
0.0 0.0 0.0
     118 m=1.74783e-08 d=3.15844e+00
-1.7167381354589006 0.12071749738090803 -0.0011494696436805314
-0.000946854917493095 -0.013030602612759342 -2.568715021474783e-05
0.0 0.0 0.0
     119 m=1.73553e-08 d=3.15804e+00
0.5944642910789903 -1.6236325797639535 -0.0004431899196233552
0.012250071417076923 0.004453900156680417 5.02675434571672e-05
0.0 0.0 0.0
     120 m=1.72343e-08 d=3.15765e+00
1.6980206547281012 0.3036707871739195 -0.013849621413254501
-0.002302175493955401 0.012891996868723402 1.3266385430786637e-05
0.0 0.0 0.0
     121 m=1.71153e-08 d=3.15726e+00
-1.6586651884595942 0.49417652314830884 0.008533084684301789
-0.0037274012820293747 -0.012540412370751512 -7.05667381382459e-05
0.0 0.0 0.0
     122 m=1.69982e-08 d=3.15688e+00
0.8207935153323546 -1.5310946126104608 0.008611288342380176
0.011508902258047403 0.006180889042341469 3.142024890558355e-05
0.0 0.0 0.0
     123 m=1.68830e-08 d=3.15649e+00
1.743064285494633 0.1986771615708911 0.0013679013059143864
-0.0013967617059151734 0.012890092258167075 4.256304916965869e-05
0.0 0.0 0.0
     124 m=1.67695e-08 d=3.15612e+00
-1.2683863428540068 -1.2163764484857744 -0.0056063240252475915
0.008935765365906324 -0.009403810822185525 6.353531563739371e-05
0.0 0.0 0.0
     125 m=1.66578e-08 d=3.15574e+00
-1.6468865609776402 0.6450600027726566 -0.002215765894515257
-0.004712016849228204 -0.012028007567350651 -3.607835700354608e-06
0.0 0.0 0.0
     126 m=1.65479e-08 d=3.15537e+00
-1.336607046653579 -1.1443773016876404 0.011611366152263358
0.008459549246493715 -0.009888255412958655 -5.4939721429333275e-05
0.0 0.0 0.0
     127 m=1.64396e-08 d=3.15500e+00
1.5832707894647144 -0.8416361774550093 -0.0007802000313597246
0.0060192650632042415 0.011294575560528215 -7.763813565461813e-06
0.0 0.0 0.0
     128 m=1.63329e-08 d=3.15463e+00
-0.5044485512462182 -1.7177993344859646 0.010171506346302012
0.012319313956701617 -0.003640009707646423 -4.860762930999385e-05
0.0 0.0 0.0
     129 m=1.62279e-08 d=3.15427e+00
0.23269107772602438 -1.7844305268528289 -0.00405658715432148
0.012699889883192232 0.0016580376103118282 7.705417490670073e-05
0.0 0.0 0.0
     130 m=1.61244e-08 d=3.15391e+00
1.7915110406636046 -0.27424400722994513 0.005281905804866863
0.0018896515686089906 0.012603242179472163 -1.958159540111234e-05
0.0 0.0 0.0
     131 m=1.60224e-08 d=3.15356e+00
-1.3826203376342137 -1.1565946567458802 -0.013994333082672727
0.008183120739275762 -0.009894688943402442 -3.453813131714749e-05
0.0 0.0 0.0
     132 m=1.59220e-08 d=3.15320e+00
-0.5515609426326626 -1.7320618227852276 0.00784116256132242
0.012135522241226306 -0.0039428047791388145 6.657063832241239e-05
0.0 0.0 0.0
     133 m=1.58229e-08 d=3.15285e+00
-1.6016042252604914 -0.8400245152042487 0.00302910103976877
0.005942786885172573 -0.011394797200226783 -5.491849908985854e-05
0.0 0.0 0.0
     134 m=1.57254e-08 d=3.15250e+00
-1.6534750335666812 -0.782785742265377 -0.009129764200698606
0.005416960054661997 -0.011521520534447969 -3.1486039219783525e-05
0.0 0.0 0.0
     135 m=1.56292e-08 d=3.15216e+00
-1.1888084222086792 -1.3924870332216563 -0.002085139750435348
0.009731727839974644 -0.008232741626380454 5.3876413707375385e-06
0.0 0.0 0.0
     136 m=1.55343e-08 d=3.15182e+00
1.5563880958918772 -1.0038433787278995 -0.014195160532301068
0.006822532608396294 0.010625164422992654 -1.765187070428236e-05
0.0 0.0 0.0
     137 m=1.54408e-08 d=3.15148e+00
-1.6429292647808689 0.8672651504643534 0.005191668596192839
-0.0059595589973670884 -0.011116959393334801 3.084104323828403e-05
0.0 0.0 0.0
     138 m=1.53486e-08 d=3.15114e+00
1.3483892539433295 -1.2923970807250051 -0.015918023437329273
0.00865370231053382 0.009118363443040465 2.362292644732938e-05
0.0 0.0 0.0
     139 m=1.52577e-08 d=3.15081e+00
1.240990238845033 1.407983999786501 0.006030937248303158
-0.009434606957038372 0.008253380364163822 -7.000802551191368e-05
0.0 0.0 0.0
     140 m=1.51680e-08 d=3.15048e+00
-1.3094754018470671 1.3474526260555852 -0.00279315000232682
-0.008972723120464828 -0.008768965656458568 -1.2441901566306692e-05
0.0 0.0 0.0
     141 m=1.50796e-08 d=3.15015e+00
1.5226306614475777 1.1227221641895395 0.001625741782860915
-0.007352936694059765 0.010089932072719883 -4.189852040222487e-05
0.0 0.0 0.0
     142 m=1.49923e-08 d=3.14984e+00
0.37186220427381544 -1.8697215961393956 0.0040635072558863426
0.012183742859025133 0.0023769117721406576 7.4331131768346345e-06
0.0 0.0 0.0
     143 m=1.49062e-08 d=3.14960e+00
0.4680518094059058 -1.8407792798285403 0.00790869026373736
0.012101300209022673 0.0030644703388561807 2.1768919283289125e-05
0.0 0.0 0.0
     144 m=1.48213e-08 d=3.14936e+00
1.8979278500737335 -0.055735047176667885 0.0011962466329305138
0.00035585381850186237 0.012506026085841998 1.0464615162745754e-05
0.0 0.0 0.0
     145 m=1.47375e-08 d=3.14912e+00
-0.4986604130835103 1.8532785488026613 0.008383972481525812
-0.011998311586411124 -0.0031347362933784916 -5.7193196398888444e-05
0.0 0.0 0.0
     146 m=1.46547e-08 d=3.14888e+00
-0.24933118574210078 1.8888658240366973 -6.732298113090105e-05
-0.012405705103133055 -0.0016511944347417792 3.146160421473019e-06
0.0 0.0 0.0
     147 m=1.45731e-08 d=3.14864e+00
-1.1161602545830474 -1.5851992270283293 0.009657861464697416
0.0101167819093839 -0.007034169602773999 -6.273808370689995e-05
0.0 0.0 0.0
     148 m=1.44925e-08 d=3.14841e+00
1.9021326959881386 -0.36589946928079387 -0.0015507407371147008
0.0022479871042528667 0.012149927528407226 -8.134262140791427e-06
0.0 0.0 0.0
     149 m=1.44129e-08 d=3.14817e+00
-0.4474094723311661 -1.8937927275967714 0.008487650521331958
0.011990220524695267 -0.0028399868010034208 4.3751252540057295e-06
0.0 0.0 0.0
     150 m=1.43344e-08 d=3.14794e+00
-1.850771234032698 0.6447631936491794 0.007499176542199792
-0.004036326268629775 -0.01157278554355981 3.067422662804048e-05
0.0 0.0 0.0
     151 m=1.42568e-08 d=3.14771e+00
0.4919415342319897 1.8946739260547938 0.0012788482591991105
-0.01190666998334436 0.003060824237109524 1.4086079332032856e-05
0.0 0.0 0.0
     152 m=1.41802e-08 d=3.14748e+00
1.6017554982784263 -1.1344326253414951 -0.01010966690492918
0.007074134577223389 0.010040525179448378 -6.624448376009352e-05
0.0 0.0 0.0
     153 m=1.41046e-08 d=3.14726e+00
1.7776165140088667 0.8643831151599941 0.0007832712223771607
-0.005429303612626875 0.010945845851964427 -8.298131436515598e-06
0.0 0.0 0.0
     154 m=1.40299e-08 d=3.14703e+00
1.9066141540114574 0.5336906470186438 -0.0047786014834134884
-0.003305290894572299 0.011764338338076061 -4.696949909629737e-06
0.0 0.0 0.0
     155 m=1.39561e-08 d=3.14681e+00
-0.1343613169781138 -1.9813552982970568 0.009466114859637186
0.012172662415156849 -0.000875887436548042 -4.6326830259405026e-05
0.0 0.0 0.0
     156 m=1.38832e-08 d=3.14659e+00
1.9504364649093753 -0.3945010607360926 0.014150229699419339
0.002432900952905095 0.011955575916994391 -2.0681835838090033e-05
0.0 0.0 0.0
     157 m=1.38112e-08 d=3.14637e+00
1.6768648642073507 1.0909700901870087 -0.006751468627312652
-0.006616881064988375 0.010198853578603149 -3.249979573704297e-05
0.0 0.0 0.0
    1000 m=9.55110e-04 d=1.32600e+00
-3.9221051541650103 3.615076175903113 -0.005799421994959031
-0.00521031798875617 -0.005195858472560751 -4.601181812421322e-05
0.0 0.0 0.0
    1001 m=2.85730e-04 d=6.87000e-01
-7.966838880651688 -5.799353977407862 0.15319269778096606
0.0029620957515577194 -0.0045172613406566356 6.08235514644637e-06
0.0 0.0 0.0
