)O+_05 Big-body initial data  (WARNING: Do not delete this line!!)
) Lines beginning with `)' are ignored.
)---------------------------------------------------------------------
 style (Cartesian, Asteroidal, Cometary) =  Cartesian
 epoch (in days) =  0.0
)---------------------------------------------------------------------
       1 m=2.80143e-07 d=3.54062e+00
0.43910126170537467 -0.08904924612830617 -7.952266566236751e-05
0.004748450847879733 0.025330683430182944 -0.0014079262623267297
0.0 0.0 0.0
       2 m=2.80143e-07 d=3.54062e+00
0.5882328610137674 -0.2058983811983569 0.013092812153711024
0.0072196094891539605 0.02108863881627989 8.767363245926972e-05
0.0 0.0 0.0
       3 m=2.80143e-07 d=3.54062e+00
0.2864034500881904 -0.7312958898702793 0.03650618642316335
0.017585135639865964 0.006859565733229083 -0.00036919435095152786
0.0 0.0 0.0
       4 m=2.80143e-07 d=3.54062e+00
0.7053610362885014 -0.3237887153172585 0.004076831032171795
0.007142579487422022 0.018893753669772653 0.00012844436816038788
0.0 0.0 0.0
       5 m=2.80143e-07 d=3.54062e+00
0.7815089514920031 0.4581081881039611 0.007561154568353613
-0.010376135727268816 0.015034312904995599 -0.000771702445551428
0.0 0.0 0.0
       6 m=2.80143e-07 d=3.54062e+00
0.7657489740070476 0.6810793171645375 0.003566338605525129
-0.011302734289614872 0.012683619121697132 -0.0005486450332384187
0.0 0.0 0.0
       7 m=2.80143e-07 d=3.54062e+00
1.1122916144332886 -0.17322734490420538 -0.07703384114585077
0.0024401261607809137 0.015990637572141808 -0.0007568615204719493
0.0 0.0 0.0
       8 m=2.80143e-07 d=3.54062e+00
-0.8899513732424469 0.7474090088997188 0.0005860100278892548
-0.011450452615572914 -0.011774914514395612 0.00020721920064396178
0.0 0.0 0.0
       9 m=2.80143e-07 d=3.54062e+00
-1.1456032782632075 -0.8650292638483537 0.11011181540162472
0.008644987568898034 -0.010810338938102062 0.00013664558362079716
0.0 0.0 0.0
      10 m=2.80143e-07 d=3.54062e+00
-1.363351835356787 0.023806046857243857 -0.09496102258088034
0.0008791173837560222 -0.015174028727330272 -0.0003035183282369329
0.0 0.0 0.0
      11 m=2.80143e-07 d=3.54062e+00
0.08693049295418445 -1.6685619374939402 0.008135723759760545
0.012936726281786218 0.0007325047062698454 -2.9503587700925576e-05
0.0 0.0 0.0
      12 m=2.80143e-07 d=3.54062e+00
-0.4773998017455997 -1.7221347183276814 0.06534506305027184
0.012136826367265013 -0.0032966308822217376 -0.0005380808514396148
0.0 0.0 0.0
      13 m=2.80143e-07 d=3.54062e+00
0.9958012699064207 1.4346285779434982 -0.011874690969875666
-0.011370639603323365 0.007011350428514576 -0.0005334786399503221
0.0 0.0 0.0
      14 m=2.80143e-07 d=3.54062e+00
1.9898580214975325 0.4237775873663998 0.07705987346438918
-0.0025596391886083085 0.011621061780371032 -4.727622482292907e-05
0.0 0.0 0.0
      15 m=2.73237e-08 d=3.18582e+00
-0.037572637997120684 0.3598818668408843 0.014295128736818671
-0.028225591915806945 -0.002035432347019247 -0.00028128648387235516
0.0 0.0 0.0
      16 m=2.73237e-08 d=3.18582e+00
0.19841819261732196 0.39343905810787216 -0.007397244894705241
-0.023293571482802373 0.01058570682217298 0.0007122919320086423
0.0 0.0 0.0
      17 m=2.73237e-08 d=3.18582e+00
-0.46443823466051914 -0.12425808021658381 -0.024328339788567226
0.00479471036852852 -0.023819354857041803 -0.0016922330245285628
0.0 0.0 0.0
      18 m=2.73237e-08 d=3.18582e+00
0.2805739487729093 -0.3898853438965695 -0.005227489183609091
0.020491443009813298 0.014506990584184247 9.883659556189491e-05
0.0 0.0 0.0
      19 m=2.73237e-08 d=3.18582e+00
-0.2273715701450314 0.42243586021758633 0.004298999226227476
-0.02316658691032944 -0.010979332422314664 -0.0008758200253741904
0.0 0.0 0.0
      20 m=2.73237e-08 d=3.18582e+00
-0.5037655660668705 0.11853793943483101 -0.005252687679434936
-0.004233632086122348 -0.023814116069665915 0.001945103049055722
0.0 0.0 0.0
      21 m=2.73237e-08 d=3.18582e+00
-0.3532180619575063 0.47373104332738836 -0.010775268502303235
-0.017146515370793057 -0.013041332751130726 1.0694807280884281e-05
0.0 0.0 0.0
      22 m=2.73237e-08 d=3.18582e+00
0.47049138932659296 0.28859196401923337 0.04111132846443785
-0.010774793558995983 0.020754687997165396 0.00016384559219667638
0.0 0.0 0.0
      23 m=2.73237e-08 d=3.18582e+00
0.49082132171918885 0.3130371301733849 0.014695392008217963
-0.012141048927131061 0.018952731031121123 0.0005132147704435153
0.0 0.0 0.0
      24 m=2.73237e-08 d=3.18582e+00
0.4420708947771935 -0.37619005960997615 0.010973276046810986
0.015059014642504647 0.017122283697055603 -0.0012260791786761955
0.0 0.0 0.0
      25 m=2.73237e-08 d=3.18582e+00
-0.18815654059595635 0.5778866501971291 0.008280692809856785
-0.021027621374614273 -0.00662706609287928 2.802793411607613e-05
0.0 0.0 0.0
      26 m=2.73237e-08 d=3.18582e+00
-0.45469653733184523 0.4257708268728219 -0.0003468789134021353
-0.016003946400253814 -0.01467767532625054 0.00045225021890685056
0.0 0.0 0.0
      27 m=2.73237e-08 d=3.18582e+00
0.07103796404652232 -0.6146831486014244 0.03432007258194164
0.021863763494931254 0.0025707975431539434 0.0007258979160086755
0.0 0.0 0.0
      28 m=2.73237e-08 d=3.18582e+00
-0.10295660987675084 -0.6224435835741308 0.047671807178845
0.02167254901239124 -0.0019153828603894097 -0.00011194267118903924
0.0 0.0 0.0
      29 m=2.73237e-08 d=3.18582e+00
0.6000252536473528 0.3022589837522739 0.007871184181621306
-0.010677911615003755 0.017659656121351702 0.00036196060037446573
0.0 0.0 0.0
      30 m=2.73237e-08 d=3.18582e+00
-0.21223173162885955 -0.6693288652734611 0.04349719294223585
0.01886414051122404 -0.006089793440655857 -0.00042656476316515053
0.0 0.0 0.0
      31 m=2.73237e-08 d=3.18582e+00
0.378402141699153 -0.5720598538969183 0.0012206841111085422
0.017533239777462906 0.01061893219214442 0.0009002140425353109
0.0 0.0 0.0
      32 m=2.73237e-08 d=3.18582e+00
-0.6183087648028085 0.15266539183384847 0.039305272336554384
-0.003662792500511115 -0.021847665272540714 0.0008549059669495398
0.0 0.0 0.0
      33 m=2.73237e-08 d=3.18582e+00
-0.12047644161782478 0.6579975322312168 0.016749279024319476
-0.020834531860777057 -0.004419868810752929 0.0005461700086437567
0.0 0.0 0.0
      34 m=2.73237e-08 d=3.18582e+00
0.21654378368194738 0.6230286930799277 -0.013376726822335025
-0.020546730453571957 0.0069742160656101684 0.0009545729131874717
0.0 0.0 0.0
      35 m=2.73237e-08 d=3.18582e+00
0.10130647796175658 0.6656046687389748 -0.042271098768427676
-0.021152613315942433 0.0030694708533333492 -0.00014671138437888912
0.0 0.0 0.0
      36 m=2.73237e-08 d=3.18582e+00
-0.20326744215750653 -0.6817203551014198 0.010998509244627551
0.0194889264288619 -0.005939651081203408 -0.0010569643053126813
0.0 0.0 0.0
      37 m=2.73237e-08 d=3.18582e+00
0.703339308852005 -0.20181555055505837 0.049804249200837446
0.00548495200205133 0.01912689201521656 -0.00034007927173234064
0.0 0.0 0.0
      38 m=2.73237e-08 d=3.18582e+00
-0.3825144204775466 0.6122274728793138 -0.02807113919185962
-0.017269114966407914 -0.010630728687568643 -0.0013015471622244107
0.0 0.0 0.0
      39 m=2.73237e-08 d=3.18582e+00
-0.25283655880275974 0.6598866679970206 -0.005011476750438279
-0.018908447684115884 -0.008829394859022066 0.0005230883410269169
0.0 0.0 0.0
      40 m=2.73237e-08 d=3.18582e+00
-0.11854537160284462 0.7406403921297751 -0.0015550676040566272
-0.019475044741002406 -0.0035387845601044876 6.985933840148711e-05
0.0 0.0 0.0
      41 m=2.73237e-08 d=3.18582e+00
-0.5357053656640375 -0.49950368364991293 0.00019704046187798627
0.013851864659588082 -0.014943900153051689 5.5775499192938365e-06
0.0 0.0 0.0
      42 m=2.73237e-08 d=3.18582e+00
0.3084930929611427 -0.6832396463895826 0.008668555248479754
0.017964394249779757 0.008841520773837735 -0.0002049831186047811
0.0 0.0 0.0
      43 m=2.73237e-08 d=3.18582e+00
-0.3624513610821461 -0.6656890882244703 0.041920084909731176
0.016521319239488855 -0.011003180186972076 0.0011753440886979006
0.0 0.0 0.0
      44 m=2.73237e-08 d=3.18582e+00
0.6705549724867859 -0.3547015740446595 0.009330518662387448
0.010538017046509895 0.01700117532658804 -5.3225232301753564e-05
0.0 0.0 0.0
      45 m=2.73237e-08 d=3.18582e+00
0.5889422482511321 -0.5212989960635275 -0.016724445810975767
0.012897059567792475 0.014450866808718921 0.001116543935733864
0.0 0.0 0.0
      46 m=2.73237e-08 d=3.18582e+00
0.3492474392780792 0.7340729654533169 -0.036960418050667236
-0.016965249863607285 0.008208028376633356 -0.0005057326969919573
0.0 0.0 0.0
      47 m=2.73237e-08 d=3.18582e+00
0.783271435642403 -0.07531295910384245 0.053482247744516764
0.0022540613681551573 0.019400196222810216 0.0010494480712034484
0.0 0.0 0.0
      48 m=2.73237e-08 d=3.18582e+00
0.635322412979119 0.5733945755038437 0.03774833520349554
-0.012569602130808486 0.01299846751591841 -9.102008508126704e-05
0.0 0.0 0.0
      49 m=2.73237e-08 d=3.18582e+00
-0.1503974597977376 -0.8064114016654185 0.037470839618288995
0.018666187208881666 -0.003490095224236824 0.00026196360162784556
0.0 0.0 0.0
      50 m=2.73237e-08 d=3.18582e+00
-0.7897112049606652 -0.06525418738859379 0.02784229576001539
0.0004568917125473866 -0.019729110908357068 0.0008612110691282624
0.0 0.0 0.0
      51 m=2.73237e-08 d=3.18582e+00
-0.5441977343200635 -0.5883404148219764 0.026490562881904805
0.01394409175499643 -0.01378102050071348 0.001105597522168666
0.0 0.0 0.0
      52 m=2.73237e-08 d=3.18582e+00
-0.10561387333822969 0.7853549562269422 -0.03428559295874801
-0.019835752233755072 -0.0016210123735610413 0.0011314717503748328
0.0 0.0 0.0
      53 m=2.73237e-08 d=3.18582e+00
-0.27798495276070234 0.7569342903469904 0.008666693198933487
-0.018936701083749504 -0.005485995922190786 -0.00021064195507627343
0.0 0.0 0.0
      54 m=2.73237e-08 d=3.18582e+00
-0.4265638323032825 -0.7896918357620968 0.0066073558814386014
0.014987263800212154 -0.009651349711025934 0.00013684433130839191
0.0 0.0 0.0
      55 m=2.73237e-08 d=3.18582e+00
-0.20708658441211264 -0.8489346671359538 0.03606367467920947
0.017881939563394803 -0.004328400208582205 0.0003701029660448038
0.0 0.0 0.0
      56 m=2.73237e-08 d=3.18582e+00
-0.39269243541272086 -0.7565911427386528 0.0013507130200402647
0.016814469993232065 -0.00877210975546819 1.3721700533268919e-05
0.0 0.0 0.0
      57 m=2.73237e-08 d=3.18582e+00
-0.9053070009376513 0.038199372959329875 0.00813631735312859
-0.0018910186485025767 -0.01783785527824113 0.0004068637978944942
0.0 0.0 0.0
      58 m=2.73237e-08 d=3.18582e+00
0.5201604907521553 -0.6731390884446703 -0.014741290282757998
0.015260724921757705 0.01155430045244595 -0.0011698941554401188
0.0 0.0 0.0
      59 m=2.73237e-08 d=3.18582e+00
-0.6389843287807578 0.6457147049002997 -0.01728041261748524
-0.013015502477602265 -0.012547297493740225 4.832088628615628e-05
0.0 0.0 0.0
      60 m=2.73237e-08 d=3.18582e+00
0.676567067609972 -0.6010026279544747 -0.006583222198126625
0.012279088624394547 0.013483351462492143 0.00035318611440355425
0.0 0.0 0.0
      61 m=2.73237e-08 d=3.18582e+00
0.8630528767608587 -0.3517844571158628 0.06567965519163715
0.006624944629789486 0.016462549021793012 -0.0006934746812502595
0.0 0.0 0.0
      62 m=2.73237e-08 d=3.18582e+00
0.6325972323292017 0.6739356652427795 -0.004933225599133907
-0.014114962461781703 0.011197330584476464 0.00087734659127484
0.0 0.0 0.0
      63 m=2.73237e-08 d=3.18582e+00
0.27440562953515035 0.8469046990532781 0.010835961869665402
-0.017665688528630423 0.0063652437843311266 -0.0006068057758799226
0.0 0.0 0.0
      64 m=2.73237e-08 d=3.18582e+00
-0.4973425304049505 -0.8092723119285042 -0.05079526977497916
0.014774058307579878 -0.009702098631152485 -0.001027245639263906
0.0 0.0 0.0
      65 m=2.73237e-08 d=3.18582e+00
0.8663452330511081 -0.5107187567940669 0.04405509691222436
0.009509006948281001 0.013830435496800846 0.0007329227361946142
0.0 0.0 0.0
      66 m=2.73237e-08 d=3.18582e+00
0.7838367154322767 -0.5760900666960083 -0.010249898447319161
0.010253662735399195 0.01410276145778016 -0.0012776282756799895
0.0 0.0 0.0
      67 m=2.73237e-08 d=3.18582e+00
-0.4162162355159348 -0.9233058924779846 0.00394939390060484
0.015422149532066495 -0.0068111954265030975 -0.0005931908085140295
0.0 0.0 0.0
      68 m=2.73237e-08 d=3.18582e+00
-0.5581433770321289 -0.8989838855780787 -0.0901085212424216
0.013702711152063564 -0.008521068047612317 0.00019663079192606337
0.0 0.0 0.0
      69 m=2.73237e-08 d=3.18582e+00
0.9211650275257244 -0.3584071897659499 -0.0008918502723081062
0.006207830785842236 0.016270209789371125 0.0012150375850863327
0.0 0.0 0.0
      70 m=2.73237e-08 d=3.18582e+00
-0.2798161352494406 -0.9799918828870103 0.04693652125813527
0.01629141663934348 -0.004701364712461579 -0.0011692375265552207
0.0 0.0 0.0
      71 m=2.73237e-08 d=3.18582e+00
-1.027637018423448 0.20570019854571578 -0.06628932192765614
-0.0019987647016760563 -0.016463881336912504 0.0003031817491975205
0.0 0.0 0.0
      72 m=2.73237e-08 d=3.18582e+00
0.9493116692891435 -0.23915543878919365 -0.027774958113696777
0.0033532027684103176 0.017530379183768686 0.00018276256269684772
0.0 0.0 0.0
      73 m=2.73237e-08 d=3.18582e+00
0.2318999613370787 1.0661358419568472 -0.002794553321780169
-0.015752492340252798 0.003358147418995469 1.6706558726595974e-05
0.0 0.0 0.0
      74 m=2.73237e-08 d=3.18582e+00
-0.8842879288300933 -0.5568308841798095 0.07073201543065005
0.008747026313113204 -0.014423978282063762 -0.0003634691007766633
0.0 0.0 0.0
      75 m=2.73237e-08 d=3.18582e+00
1.0437383023274656 0.14482450808330516 0.012835715312486186
-0.0023366194340030456 0.016685534633017054 -1.718464526236134e-05
0.0 0.0 0.0
      76 m=2.73237e-08 d=3.18582e+00
-0.9293023195378838 0.4110225248596392 -0.08724733836484952
-0.007309165813850714 -0.015862715761638637 -0.0002943243458507472
0.0 0.0 0.0
      77 m=2.73237e-08 d=3.18582e+00
0.14290876997189772 -1.0295619607814779 0.02303788171320619
0.016951047182765064 0.003043730208535285 0.00015516092476154577
0.0 0.0 0.0
      78 m=2.73237e-08 d=3.18582e+00
0.7554171162341754 -0.910637390666921 -0.0034290547060311888
0.011845965535893127 0.0094744580619353 9.070925380479249e-05
0.0 0.0 0.0
      79 m=2.73237e-08 d=3.18582e+00
-0.2642815502374706 0.9946789906122283 -0.06428860510362103
-0.016579683991541198 -0.005561884692891941 0.0006935884921123798
0.0 0.0 0.0
      80 m=2.73237e-08 d=3.18582e+00
-0.615234875626757 -0.8046235400221617 -0.01503093114624598
0.014443962517737496 -0.010480249742733382 0.0007693092894038579
0.0 0.0 0.0
      81 m=2.73237e-08 d=3.18582e+00
-1.1904660043760988 -0.12028490492558874 0.054562880613614084
0.0009872183192247844 -0.015177688216001475 1.98748718835626e-05
0.0 0.0 0.0
      82 m=2.73237e-08 d=3.18582e+00
-0.9874361774009395 -0.7174666667769765 0.02200848100366173
0.008526851980257972 -0.012285402201415151 0.0008760514734404803
0.0 0.0 0.0
      83 m=2.73237e-08 d=3.18582e+00
0.32125563733704887 1.0699913473065483 -0.05582456379699711
-0.01580907578414363 0.0045766070365648726 0.00041249058418297327
0.0 0.0 0.0
      84 m=2.73237e-08 d=3.18582e+00
0.9237155506983263 -0.7463844902869448 -0.01357296356825198
0.009938949809662385 0.011987992561159297 0.0002908140214880174
0.0 0.0 0.0
      85 m=2.73237e-08 d=3.18582e+00
-0.15100597147016148 1.1199080152319836 -0.0051309643829629305
-0.016217821643546695 -0.002649889888610004 0.0004703571788197675
0.0 0.0 0.0
      86 m=2.73237e-08 d=3.18582e+00
0.4779762574634625 1.0527292397677135 0.04199415079907658
-0.014922664481098549 0.006065801679044668 0.0009333005649210474
0.0 0.0 0.0
      87 m=2.73237e-08 d=3.18582e+00
-1.1549237992136436 -0.16239713438790687 -0.0950341493410872
0.0019715214407920274 -0.015897823322681456 0.0004007710441811532
0.0 0.0 0.0
      88 m=2.73237e-08 d=3.18582e+00
0.4068742955486207 1.0522409263470425 -0.007454289443098488
-0.015068022143917278 0.007118733841182971 0.00026432586175870263
0.0 0.0 0.0
      89 m=2.73237e-08 d=3.18582e+00
-1.3092002072913278 -0.16413259236492644 0.010887058876649302
0.0013696725900501439 -0.014213323384926693 7.566801390892326e-05
0.0 0.0 0.0
      90 m=2.73237e-08 d=3.18582e+00
1.1005363666625367 -0.4732904464224928 0.007512332465270135
0.005936347989499275 0.014704629603272762 -0.00022173777433129812
0.0 0.0 0.0
      91 m=2.73237e-08 d=3.18582e+00
0.16147788861298085 -1.1877740015546419 0.020116968338611558
0.01585851241377498 0.0008173302253712189 0.0010538264229773074
0.0 0.0 0.0
      92 m=2.73237e-08 d=3.18582e+00
0.4024307034173743 1.1758357902750611 0.031938298378054564
-0.014498322072104403 0.005241412618930741 0.00026822554661261815
0.0 0.0 0.0
      93 m=2.73237e-08 d=3.18582e+00
-0.2770200268690081 -1.2360850439116646 0.023867761913432824
0.014751202502153726 -0.003640505338389395 -0.00013380349543101015
0.0 0.0 0.0
      94 m=2.73237e-08 d=3.18582e+00
-0.8891996644483697 -1.0014256876611027 0.05906935348685717
0.011468027739576716 -0.008685675677080965 0.0005543376263086581
0.0 0.0 0.0
      95 m=2.73237e-08 d=3.18582e+00
0.2715554060494541 1.2006688087842854 -0.04943989415055023
-0.015063108253943958 0.004610273016017756 9.511661147021755e-05
0.0 0.0 0.0
      96 m=2.73237e-08 d=3.18582e+00
-0.8418363164758863 -0.9536148879560435 0.02612685214230654
0.011718339800601135 -0.009855773470954695 0.000677204071692556
0.0 0.0 0.0
      97 m=2.73237e-08 d=3.18582e+00
1.0856724858404392 0.7685923638669145 0.004497731661996905
-0.007857514311679326 0.0124378091637085 -0.0004211872793706121
0.0 0.0 0.0
      98 m=2.73237e-08 d=3.18582e+00
1.0215908044082498 0.7899276815487246 0.007603729721515136
-0.00912620212355433 0.012167917373386785 -0.0007536633321304055
0.0 0.0 0.0
      99 m=2.73237e-08 d=3.18582e+00
-1.1332568333140303 0.5605958086109206 -0.047551006788865875
-0.006893397774484933 -0.013952755230748912 0.0010457506691537825
0.0 0.0 0.0
     100 m=2.73237e-08 d=3.18582e+00
-0.9482082942760541 -0.8644075511321904 0.026527086128895302
0.010404906376740644 -0.011414066899292146 0.00013586641652006115
0.0 0.0 0.0
     101 m=2.73237e-08 d=3.18582e+00
0.5074971046823196 -1.26117519729324 0.07794693879909331
0.01362252804891897 0.005319623774494112 0.00012552353416726792
0.0 0.0 0.0
     102 m=2.73237e-08 d=3.18582e+00
-1.4036619422860084 -0.302707420361525 -0.024420239756401736
0.002813296092448063 -0.013610016911629467 0.00019814680842540215
0.0 0.0 0.0
     103 m=2.73237e-08 d=3.18582e+00
0.45458019427306046 1.2812725442611592 0.07172017044226955
-0.013905487249668403 0.004914463738666464 0.00031482722769351774
0.0 0.0 0.0
     104 m=2.73237e-08 d=3.18582e+00
-1.2391648467391345 0.799445897264635 -0.002695902951436957
-0.007812343594511207 -0.011118846854704862 0.0011625264767785772
0.0 0.0 0.0
     105 m=2.73237e-08 d=3.18582e+00
-1.2613044141222738 0.17449336422639783 0.028006426238130426
-0.00295192448713758 -0.015568459285569443 0.00019038306769217467
0.0 0.0 0.0
     106 m=2.73237e-08 d=3.18582e+00
0.67001355353845 1.2245315604088831 0.06401785913087633
-0.01276073466784034 0.006990818325703501 0.0001667253006613855
0.0 0.0 0.0
     107 m=2.73237e-08 d=3.18582e+00
1.3015202559269643 0.002541388086123142 -0.00548740378674829
6.263697835709415e-05 0.01563849999119676 -0.00024384464585734173
0.0 0.0 0.0
     108 m=2.73237e-08 d=3.18582e+00
-0.8659532917831352 1.1134932575757597 0.001125172520541069
-0.010626909501082069 -0.00991172488406641 -4.813317505864769e-06
0.0 0.0 0.0
     109 m=2.73237e-08 d=3.18582e+00
0.8067037903581439 -1.245278353721694 -0.048349659517061966
0.012083560161060155 0.006773920323788977 0.00023614032577866343
0.0 0.0 0.0
     110 m=2.73237e-08 d=3.18582e+00
-0.5020446214043781 -1.407360083288086 0.0033663870188728982
0.013379324342717491 -0.003466778203769151 -2.2767504465953098e-05
0.0 0.0 0.0
     111 m=2.73237e-08 d=3.18582e+00
-0.6687347723894506 -1.2803435297323058 -0.00024621131565023477
0.012883342555110998 -0.0063505247281158295 2.2973372112138834e-06
0.0 0.0 0.0
     112 m=2.73237e-08 d=3.18582e+00
-0.24116948559637802 -1.4473880612380496 -0.015413945323053237
0.013830328908410584 -0.003199300983059043 7.969658651133221e-05
0.0 0.0 0.0
     113 m=2.73237e-08 d=3.18582e+00
1.426485532665485 0.5332009975922127 0.00967075252550658
-0.004242203450012546 0.013024720533244431 -0.0008867279827310288
0.0 0.0 0.0
     114 m=2.73237e-08 d=3.18582e+00
-0.8068839677081976 -1.20964109118355 -0.07899732550499636
0.011425897780600524 -0.008778126179689361 0.00044995358282275014
0.0 0.0 0.0
     115 m=2.73237e-08 d=3.18582e+00
-1.343703399246922 0.9349922827721097 0.034337973205093776
-0.007185415449407578 -0.010600293226024139 0.0006417188613668377
0.0 0.0 0.0
     116 m=2.73237e-08 d=3.18582e+00
0.5771328592061084 -1.3702711314964078 0.0015032135155199863
0.013079614675227494 0.00560877036899238 7.157631079336046e-05
0.0 0.0 0.0
     117 m=2.73237e-08 d=3.18582e+00
-1.5610096135764602 -0.3969791723389944 0.0897136703451644
0.0041138144942462875 -0.012473254118506024 -0.0006222581337857492
0.0 0.0 0.0
     118 m=2.73237e-08 d=3.18582e+00
0.7782289093493487 -1.3012945101438853 0.06270638922664673
0.012194171540027728 0.006987312440214847 -6.447390093302431e-05
0.0 0.0 0.0
     119 m=2.73237e-08 d=3.18582e+00
0.9493940673947223 1.213353236573759 0.0012009619770657828
-0.011119443472382126 0.008313659516092354 0.0006402240701270675
0.0 0.0 0.0
     120 m=2.73237e-08 d=3.18582e+00
1.0667817101085848 -1.1700313390535273 0.037371793054858764
0.009960119228580281 0.009174034436509555 -0.0009001022883882737
0.0 0.0 0.0
     121 m=2.73237e-08 d=3.18582e+00
1.221411354713554 -1.0026279960178868 -0.04006336436058349
0.008665153524066892 0.010546423908835454 -0.00021228085096634315
0.0 0.0 0.0
     122 m=2.73237e-08 d=3.18582e+00
0.5047015764580409 -1.5037484460030277 -0.12014995380969257
0.012593569321305943 0.005158686249287245 -0.0004838961490284782
0.0 0.0 0.0
     123 m=2.73237e-08 d=3.18582e+00
-0.7607536663982923 1.3987530987520476 -0.038845776110354696
-0.011808622657149478 -0.006798285161130603 -0.0008613437327581518
0.0 0.0 0.0
     124 m=2.73237e-08 d=3.18582e+00
-0.4066434251907285 -1.5365017538488686 -0.03186819878513124
0.013315051614496974 -0.003347836731643462 0.00011235657125674656
0.0 0.0 0.0
     125 m=2.73237e-08 d=3.18582e+00
-1.6278995672516237 -0.1035124514793781 -0.12172901072076986
0.00026990525680255706 -0.013389936431664307 0.00026372177930271754
0.0 0.0 0.0
     126 m=2.73237e-08 d=3.18582e+00
-1.532030130893547 -0.1119213819896756 -0.11727248566773071
0.0006666768413853379 -0.014237528335314269 2.9452591709811914e-05
0.0 0.0 0.0
     127 m=2.73237e-08 d=3.18582e+00
1.186719561556266 1.1731644403586468 0.04613255752099677
-0.009701374657597838 0.008936653085137379 -0.0009481024123453019
0.0 0.0 0.0
     128 m=2.73237e-08 d=3.18582e+00
-1.3852405058992499 -0.8763727362168654 -0.014328293323268425
0.007619008347209825 -0.011165694509884177 0.00011866973085820823
0.0 0.0 0.0
     129 m=2.73237e-08 d=3.18582e+00
0.5796647343686052 1.4644001487772649 0.07118119815386152
-0.013166384405052661 0.004963541280062442 -0.0006559656995825796
0.0 0.0 0.0
     130 m=2.73237e-08 d=3.18582e+00
-1.581731495984426 -0.23003116976468385 -0.09086705047889876
0.0029057626226845525 -0.013616430025355872 0.0004076215048682254
0.0 0.0 0.0
     131 m=2.73237e-08 d=3.18582e+00
-0.8878735216898249 1.3168865890756392 -0.04939182709628003
-0.01196433494326463 -0.0073718785048735155 0.0007782441901885724
0.0 0.0 0.0
     132 m=2.73237e-08 d=3.18582e+00
-0.9571901623651018 -1.3995392761515608 0.03140693076935524
0.011611318187256523 -0.006406289570657647 -0.00023103737025628474
0.0 0.0 0.0
     133 m=2.73237e-08 d=3.18582e+00
-1.3775335680032361 0.7738384209195991 0.07121264476384408
-0.0069985822017296015 -0.012369135758041131 0.0006478675931731288
0.0 0.0 0.0
     134 m=2.73237e-08 d=3.18582e+00
-0.5863920117491738 -1.6308528505419835 -0.014918314176922137
0.012156078364558605 -0.004812369504793872 -9.785983653983061e-05
0.0 0.0 0.0
     135 m=2.73237e-08 d=3.18582e+00
-1.7719659768990703 -0.45861399024372906 0.014299972675453215
0.002159379649968838 -0.012189128933449178 -0.0008933831627862071
0.0 0.0 0.0
     136 m=2.73237e-08 d=3.18582e+00
1.7251824307058592 0.6175331874531782 -0.07860668742119559
-0.004998437435864178 0.011385578596812086 -8.208451313574723e-05
0.0 0.0 0.0
     137 m=2.73237e-08 d=3.18582e+00
0.036966357476591015 -1.7684601951471939 -0.031718640660892194
0.012944578753887694 -0.0003261701426552942 0.00011980466541947414
0.0 0.0 0.0
     138 m=2.73237e-08 d=3.18582e+00
1.32127085438271 1.286507552845246 0.09102215980283754
-0.008435533913825769 0.009119222609533628 -0.0007558057509620306
0.0 0.0 0.0
     139 m=2.73237e-08 d=3.18582e+00
1.852354204207402 0.007276240747994822 -0.002453822609246595
-0.0009313439802960625 0.01241684136968641 -1.6610103218361049e-06
0.0 0.0 0.0
     140 m=2.73237e-08 d=3.18582e+00
-0.5333601154869343 1.825112500097768 -0.08953749537844205
-0.011844947155975599 -0.0027029673556128436 0.00015383861462878724
0.0 0.0 0.0
     141 m=2.73237e-08 d=3.18582e+00
-0.9165586446504319 -1.5466098170806064 -0.0005389964297439903
0.011213507726223463 -0.006367506539671282 -0.0008940865082710481
0.0 0.0 0.0
     142 m=2.73237e-08 d=3.18582e+00
-1.4110284432118179 1.4033198866751275 -0.0925351043169825
-0.008190764878957778 -0.00828981992650509 -0.0005543463263532834
0.0 0.0 0.0
     143 m=2.73237e-08 d=3.18582e+00
1.7917309701997222 0.6867478911956478 0.022172071903309398
-0.0049841403405748025 0.011124428520562184 -4.060866018126656e-05
0.0 0.0 0.0
     144 m=2.73237e-08 d=3.18582e+00
-1.586456542094762 0.9604132150981992 -0.10014181431483357
-0.006463678871482232 -0.010866398443828923 -0.00034651740612212873
0.0 0.0 0.0
     145 m=2.73237e-08 d=3.18582e+00
0.7694923853702709 -1.8181340038703637 -0.12302227145017253
0.011032817042600984 0.0044311669018178 -0.0005137345787293434
0.0 0.0 0.0
     146 m=2.73237e-08 d=3.18582e+00
1.7668490216954857 -0.6118671454757828 0.03465712565290016
0.004968308414922185 0.011628937692242934 -0.0002932889056614178
0.0 0.0 0.0
     147 m=2.73237e-08 d=3.18582e+00
0.37360652674929107 -1.8268858002457664 -0.03203312401177503
0.012408434899563362 0.0028259894715828033 0.00011621801225452228
0.0 0.0 0.0
     148 m=2.73237e-08 d=3.18582e+00
-1.427657929634213 -1.2346329592238632 0.012652544539377497
0.008208077187752898 -0.009580677391712124 -0.0003167886111172181
0.0 0.0 0.0
     149 m=2.73237e-08 d=3.18582e+00
0.34491641826156016 -1.9899386521777656 0.08089783339072529
0.011557783579184331 0.0024111033859362512 -0.0004399035903787678
0.0 0.0 0.0
     150 m=2.73237e-08 d=3.18582e+00
1.7767442491630294 -0.7192134469029863 -0.039363408088755505
0.005376034230963602 0.01129733087072487 -7.91479543600913e-05
0.0 0.0 0.0
     151 m=2.73237e-08 d=3.18582e+00
1.3128637042855589 -1.4565047910910216 -0.02326959678805004
0.009132193417508658 0.008202353889990485 -0.00011785846671552119
0.0 0.0 0.0
     152 m=2.73237e-08 d=3.18582e+00
-0.40582042806834806 1.7687932968724858 -0.028408667746807212
-0.012969926594949348 -0.0027300855963904493 0.0005815862520312919
0.0 0.0 0.0
     153 m=2.73237e-08 d=3.18582e+00
-2.0120760356758707 0.042545422471736094 0.12330430125551198
-0.00012791729094523054 -0.012018382445645633 -0.00014577276781579072
0.0 0.0 0.0
     154 m=2.73237e-08 d=3.18582e+00
1.7079926941490127 -0.8050405347401898 -0.03463474553875126
0.005394104097490736 0.011646512072314456 0.0007857279639048686
0.0 0.0 0.0
    1000 m=9.55110e-04 d=1.32600e+00
-3.9221051541650103 3.615076175903113 -0.005799421994959031
-0.00521031798875617 -0.005195858472560751 -4.601181812421322e-05
0.0 0.0 0.0
    1001 m=2.85730e-04 d=6.87000e-01
-7.966838880651688 -5.799353977407862 0.15319269778096606
0.0029620957515577194 -0.0045172613406566356 6.08235514644637e-06
0.0 0.0 0.0
