)O+_05 Big-body initial data  (WARNING: Do not delete this line!!)
) Lines beginning with `)' are ignored.
)---------------------------------------------------------------------
 style (Cartesian, Asteroidal, Cometary) =  Cartesian
 epoch (in days) =  0.0
)---------------------------------------------------------------------
       1 m=5.67751e-09 d=3.11558e+00
-0.3216736639298502 -0.08945162454939318 -0.0071925442845773985
0.0054297325882355935 -0.028443073612179095 -0.0024648617506459218
0.0 0.0 0.0
       2 m=1.65270e-08 d=3.15530e+00
-0.22927312740283756 -0.27407099902180265 0.0005137852146248646
0.021341638288470487 -0.019184401605187484 2.0674627872426274e-05
0.0 0.0 0.0
       3 m=2.64415e-08 d=3.18360e+00
0.4045656237443302 -0.08394556581943771 0.007150438466937615
0.006708676117567298 0.0250059019325196 0.0004881762926813445
0.0 0.0 0.0
       4 m=3.55846e-08 d=3.20883e+00
0.34381741877152316 0.24529485226228076 -0.008355418645725072
-0.016119346213508533 0.02075954072149765 0.0020556710501972364
0.0 0.0 0.0
       5 m=4.41071e-08 d=3.22908e+00
-0.39319076106472944 -0.17369060249595622 0.025886685780702426
0.011896059935605423 -0.02391133233098967 -0.0003182927654851817
0.0 0.0 0.0
       6 m=5.21191e-08 d=3.24483e+00
0.4643789940253718 0.07435793202650301 -0.0004975414837926728
-0.004194482710057304 0.02484243390247375 -0.00026641904013097314
0.0 0.0 0.0
       7 m=5.97022e-08 d=3.25765e+00
-0.19607431527072966 0.454470913218616 0.00021687230512762597
-0.022810514723572255 -0.00913228720741541 -0.0002208283962879883
0.0 0.0 0.0
       8 m=6.69185e-08 d=3.27294e+00
-0.35254623415497993 0.4137341784103241 -0.025324263428298195
-0.017787562836557337 -0.014355533200875646 -0.0006983704397800328
0.0 0.0 0.0
       9 m=7.38165e-08 d=3.28630e+00
-0.3235404753188989 0.38017763565328944 -0.0022404679779860007
-0.01927157071504694 -0.016511991698603363 -0.0008156734308016956
0.0 0.0 0.0
      10 m=8.04348e-08 d=3.29799e+00
0.483864101856118 0.3407141555570823 0.021732006044212555
-0.01236754246005989 0.01805620938691635 -0.0008128304157069325
0.0 0.0 0.0
      11 m=8.68049e-08 d=3.30837e+00
-0.2486646349377704 -0.5309373592572811 0.0007881362225916461
0.02040465680285679 -0.009597552443162237 -9.094343314874654e-05
0.0 0.0 0.0
      12 m=9.29529e-08 d=3.31769e+00
0.593139618069203 -0.22538808697977508 -0.012835275839534446
0.008608057115805217 0.019309188110943516 0.0012138672156660386
0.0 0.0 0.0
      13 m=9.89004e-08 d=3.32613e+00
0.6351142884436267 0.008281271342421015 0.044554081045852824
-0.0004135454433282469 0.021458489585491035 -8.733087316559283e-05
0.0 0.0 0.0
      14 m=1.04666e-07 d=3.33385e+00
-0.645825814984682 0.08527072633262214 -0.005348189216993635
-0.0024508110261122627 -0.021129994506271236 0.0010341250546487876
0.0 0.0 0.0
      15 m=1.10265e-07 d=3.34305e+00
0.40105965924436127 0.5404414635964659 0.036997382776947065
-0.016265413018210224 0.013048012441690274 -0.0010364556123370013
0.0 0.0 0.0
      16 m=1.15712e-07 d=3.35173e+00
-0.5615544393015086 0.3958783036472406 0.028344781989055684
-0.011881035708154651 -0.01695268310372497 0.001284854320145423
0.0 0.0 0.0
      17 m=1.18126e-07 d=3.35545e+00
-0.44993703170881993 0.5449374208120583 0.04614014982070158
-0.015740670709930703 -0.012950743836556337 -0.0007813891396587768
0.0 0.0 0.0
      18 m=1.13898e-07 d=3.34889e+00
0.43604284981465163 0.5518889843282956 -0.03639650054350798
-0.015399886253876898 0.013868621584217746 0.0011352734769821144
0.0 0.0 0.0
      19 m=1.10011e-07 d=3.34264e+00
0.6429960824821045 0.3542836503102428 0.013858145252809751
-0.009679664127923943 0.01766331714209123 0.00041206429835132093
0.0 0.0 0.0
      20 m=1.06420e-07 d=3.33666e+00
0.7004374514883709 -0.20260780407421902 -0.030487325303605012
0.0045630008920042545 0.019968285537182384 -0.00010336786971952685
0.0 0.0 0.0
      21 m=1.03091e-07 d=3.33178e+00
0.6259528478771532 -0.43050490220099424 0.031034597184565808
0.0122326589689539 0.015662745155659737 -0.0004763951666427388
0.0 0.0 0.0
      22 m=9.99948e-08 d=3.32763e+00
-0.4343361048038118 -0.6189337663326107 -0.0020032225683848494
0.01637884142736476 -0.011787531024258797 0.0001328189122402408
0.0 0.0 0.0
      23 m=9.71077e-08 d=3.32364e+00
0.8507398757520823 -0.1683375848082932 0.0009513300079648512
0.004047920578004209 0.01725425131284595 0.0003482950323434778
0.0 0.0 0.0
      24 m=9.44078e-08 d=3.31980e+00
-0.8232190969432693 0.052134956540993205 0.008342918493582319
-0.00036413627321152647 -0.018856891312140415 -0.0006099764269383018
0.0 0.0 0.0
      25 m=9.18769e-08 d=3.31610e+00
-0.5807738859366861 0.5675773488459936 0.0009201134158587285
-0.01317820820185278 -0.014151372608765244 -1.297997739602916e-05
0.0 0.0 0.0
      26 m=8.94988e-08 d=3.31253e+00
-0.8580606084639728 0.018963464737239547 -0.02988701204181987
-0.00039922869081322494 -0.018439727856129726 0.0004879568754469119
0.0 0.0 0.0
      27 m=8.72596e-08 d=3.30908e+00
0.5120094474486251 0.6967929465028282 0.07036767924323951
-0.01465128607745406 0.011164612592593848 -5.3999297935033086e-05
0.0 0.0 0.0
      28 m=8.51469e-08 d=3.30574e+00
-0.8336899061577012 -0.35775035725219206 -0.06458428587290213
0.007231294681995146 -0.016133592356985724 0.0008996600073957096
0.0 0.0 0.0
      29 m=8.31498e-08 d=3.30251e+00
-0.08509394480910032 -0.8818064155202426 0.008984828299626381
0.018243158245328885 -0.0016564648487711973 0.0006578233930178325
0.0 0.0 0.0
      30 m=8.12587e-08 d=3.29938e+00
0.6539991968482447 -0.5242472279443342 0.023283803690870936
0.011702945257570159 0.01553849643237544 0.0006594675271681984
0.0 0.0 0.0
      31 m=7.94651e-08 d=3.29634e+00
-0.9809619784159399 -0.1538269106621247 -0.0616394486196496
0.0029819713507145654 -0.016222466337998693 0.0008251234916413295
0.0 0.0 0.0
      32 m=7.77611e-08 d=3.29339e+00
-0.5104031973795687 0.7901947327814284 -0.015436875716051308
-0.014926499169784153 -0.009405336704190524 0.000516812189606164
0.0 0.0 0.0
      33 m=7.61401e-08 d=3.29052e+00
-0.9108176804195208 0.24847456616918093 -0.01814562566600955
-0.004688913086601782 -0.017078417035885047 -2.667639838470004e-05
0.0 0.0 0.0
      34 m=7.45958e-08 d=3.28773e+00
-0.27405022765212655 -0.9537176529521569 0.031016630642018927
0.016364950953423236 -0.004341969020413143 -0.0007826561125936656
0.0 0.0 0.0
      35 m=7.31226e-08 d=3.28501e+00
0.8805256341239478 -0.32876731943776166 0.018391261901053828
0.006735345737999395 0.016701831424201046 0.0006839082920742532
0.0 0.0 0.0
      36 m=7.17156e-08 d=3.28237e+00
0.692945993333918 -0.6780496483187726 -0.047915172318676785
0.011215981410414334 0.013525254177894689 0.0003591538152296199
0.0 0.0 0.0
      37 m=7.03702e-08 d=3.27979e+00
-0.9036452749926918 -0.3893601271550523 0.0322494307557851
0.006157529110320045 -0.016272233381906857 -0.0011758970103602974
0.0 0.0 0.0
      38 m=6.90823e-08 d=3.27727e+00
-0.9409220364631173 0.42915315013068533 0.03304331825948226
-0.006316466909613299 -0.015446944199374701 0.00020540084705000978
0.0 0.0 0.0
      39 m=6.78480e-08 d=3.27482e+00
1.030282918396973 -0.23393642817020643 -0.022691065992609203
0.002452634396923399 0.01623144305692452 -0.0008007999966243018
0.0 0.0 0.0
      40 m=6.66640e-08 d=3.27242e+00
-0.1327768588310313 -0.9587598148379725 0.00399789932333012
0.017729229527457563 -0.003251283938748649 -4.537165975226829e-05
0.0 0.0 0.0
      41 m=6.55271e-08 d=3.27008e+00
-1.0479481368244168 0.25530769140729415 -0.029610043201915733
-0.0037368217897889005 -0.01584889933443009 -0.00025318768901936775
0.0 0.0 0.0
      42 m=6.44345e-08 d=3.26779e+00
-0.7170960314833896 0.8902320362601646 -0.017170238930062462
-0.011725582039483857 -0.009948282966772293 0.001044542010899536
0.0 0.0 0.0
      43 m=6.33834e-08 d=3.26555e+00
-0.03183797365536459 -1.0545320933078282 0.06497135344263129
0.016732189358789146 -0.0016376357082032251 0.00043949014608770016
0.0 0.0 0.0
      44 m=6.23715e-08 d=3.26336e+00
0.7076058651352446 0.7923470975274687 0.015504192200925623
-0.011773011090554186 0.012000973995918977 -0.0005606657147474577
0.0 0.0 0.0
      45 m=6.13965e-08 d=3.26121e+00
0.9544308870303986 -0.5351089836766123 -0.0036472736445672333
0.008685580838556082 0.013932779109960606 0.00025756418815179124
0.0 0.0 0.0
      46 m=6.04564e-08 d=3.25911e+00
-0.6894912354930595 0.9574031092737443 0.02921307544492051
-0.01177695670928835 -0.009684175465743617 -0.0007180200310993467
0.0 0.0 0.0
      47 m=5.95491e-08 d=3.25741e+00
-1.0975936051989763 0.44489755439479994 -0.00304140643370683
-0.005788980863534084 -0.014152351862374154 -0.00036742026144832607
0.0 0.0 0.0
      48 m=5.86730e-08 d=3.25601e+00
-0.6145401875784233 -1.0189141719316597 -0.014042968963308772
0.012538115277544547 -0.008747597837914733 -0.0006758725980162819
0.0 0.0 0.0
      49 m=5.78264e-08 d=3.25464e+00
0.6360459410388566 0.8824835748995072 -0.03785990737089186
-0.014183258613959027 0.00905153464423994 6.639969234404144e-05
0.0 0.0 0.0
      50 m=5.70078e-08 d=3.25329e+00
0.9898686740263177 0.5386382858360008 0.03387219643793707
-0.007646834124983083 0.014432402406654077 -5.526275790980936e-05
0.0 0.0 0.0
      51 m=5.62157e-08 d=3.25197e+00
1.042231458697787 0.26510884080054414 0.07742094747547307
-0.005232495645214067 0.016284270685712397 0.0007629788386613197
0.0 0.0 0.0
      52 m=5.54489e-08 d=3.25068e+00
-0.04087552842915965 -1.134602145690071 -0.012137730445240889
0.01634623641316838 0.0007216161392277565 0.00031191874132917416
0.0 0.0 0.0
      53 m=5.47060e-08 d=3.24940e+00
-1.1042566955144275 0.40938671120769876 -0.04270028697302416
-0.005882573208845334 -0.014711547895556388 -2.909232028900284e-05
0.0 0.0 0.0
      54 m=5.39859e-08 d=3.24815e+00
0.09380768881122525 -1.172757503499541 0.0007832828800030207
0.015926646419818724 0.0006054946435503127 0.0002467165165513093
0.0 0.0 0.0
      55 m=5.32875e-08 d=3.24692e+00
0.8739710802228629 0.9790046437523194 -0.003270033848361535
-0.01037378454491159 0.009824185890172973 -0.0001808561491435218
0.0 0.0 0.0
      56 m=5.26099e-08 d=3.24572e+00
1.049670432220897 0.605339686066782 0.03702772255747908
-0.0077510753227210145 0.01353114067661668 -0.0005645506911671681
0.0 0.0 0.0
      57 m=5.19521e-08 d=3.24453e+00
0.45809028069407154 -1.1247104025695458 0.05570689800392629
0.014425386467800607 0.006005653033034043 -6.9565021315763555e-06
0.0 0.0 0.0
      58 m=5.13131e-08 d=3.24336e+00
-1.1755315730829365 -0.20345320079450113 0.009310163952902212
0.003482254869600729 -0.015595593019655525 -0.00022136148565601518
0.0 0.0 0.0
      59 m=5.06921e-08 d=3.24221e+00
0.9076444233098336 -0.8585853438818598 0.04765578073862624
0.010227983093679751 0.01138336642756525 0.0006577446657376324
0.0 0.0 0.0
      60 m=5.00885e-08 d=3.24108e+00
0.9204791153017706 -0.9862919442547193 0.0828816804257336
0.00987339400217926 0.010145029586033852 -0.0007946947813685326
0.0 0.0 0.0
      61 m=4.95013e-08 d=3.23997e+00
-0.9517137491464176 0.7246104272050421 -0.010713977042499873
-0.010147436211920064 -0.012520841761148734 0.000197328034837883
0.0 0.0 0.0
      62 m=4.89300e-08 d=3.23887e+00
1.2090624272486992 -0.6320741930145632 0.030423408115804355
0.006626234846301394 0.012513208650534046 -0.00019916818885246166
0.0 0.0 0.0
      63 m=4.83738e-08 d=3.23780e+00
0.8868838060987138 -0.9361532637371389 0.0645266879141403
0.011039366868299084 0.010197922006249235 -0.0010558621020301388
0.0 0.0 0.0
      64 m=4.78321e-08 d=3.23673e+00
-1.2611051753575924 0.3925402253414686 -0.02809122326631888
-0.005153982020882866 -0.013846747061614408 0.0001850203710027237
0.0 0.0 0.0
      65 m=4.73044e-08 d=3.23569e+00
-0.5137676367508667 -1.1584817965521614 -0.01531530024101039
0.013662870425435054 -0.007233348674187611 8.439173468276779e-05
0.0 0.0 0.0
      66 m=4.67900e-08 d=3.23466e+00
-0.2969967371269845 -1.2141886743243826 -0.00651480276506182
0.015243997861406818 -0.003843384016863191 -4.2898143470100656e-05
0.0 0.0 0.0
      67 m=4.62886e-08 d=3.23364e+00
-0.5478902443465823 1.134962291663025 -0.06435232466372133
-0.014399030514719087 -0.006060966517672847 0.00047997440524521237
0.0 0.0 0.0
      68 m=4.57995e-08 d=3.23264e+00
-1.322432395140016 -0.05192727694299937 -0.05707489076086283
0.0006159647447086577 -0.014942596718674175 7.750120720044634e-05
0.0 0.0 0.0
      69 m=4.53223e-08 d=3.23165e+00
0.4333116754938236 -1.2597888553116265 0.03295607730050267
0.01428653542695628 0.004277643269420605 -0.0003869706836814214
0.0 0.0 0.0
      70 m=4.48565e-08 d=3.23067e+00
1.3856105819833209 -0.045252101973237535 0.01210562488053789
0.001818367709635121 0.0142651052231173 -0.00022466088125949122
0.0 0.0 0.0
      71 m=4.44017e-08 d=3.22971e+00
0.788977446942579 -1.1155141031435516 0.010898892769553716
0.012395538819855688 0.007806528812315789 -7.652681564567943e-05
0.0 0.0 0.0
      72 m=4.39576e-08 d=3.22876e+00
-0.42965561650497053 -1.336690638615297 0.07612107142521352
0.013593923294494908 -0.004276516723062904 0.0008565404684294408
0.0 0.0 0.0
      73 m=4.35237e-08 d=3.22783e+00
0.20925749793232337 1.348042161418902 -0.08493608453364024
-0.014397948107996442 0.003140429856709274 -0.00042457932541963407
0.0 0.0 0.0
      74 m=4.30996e-08 d=3.22690e+00
-1.3290159573690155 0.2509044307069475 -0.024413120477346065
-0.003976765537879524 -0.014400747215756435 -0.0002618127324203011
0.0 0.0 0.0
      75 m=4.26851e-08 d=3.22599e+00
-1.2975999381884284 -0.5647225296995415 0.007347965210380409
0.005918893980232104 -0.013049552583371135 -7.01949126387922e-05
0.0 0.0 0.0
      76 m=4.22798e-08 d=3.22509e+00
0.7020789577484952 1.1921116768389413 -0.020745505780823008
-0.01249691390412485 0.00767619739673911 -0.0010548078793613193
0.0 0.0 0.0
      77 m=4.18833e-08 d=3.22420e+00
0.10355840762125634 -1.3587898019827225 0.028447821093275764
0.014903279413309217 0.0013761579406089798 5.0628783492116824e-05
0.0 0.0 0.0
      78 m=4.14954e-08 d=3.22332e+00
1.0778786168594947 -1.0389941640854325 -0.01851228365092003
0.009351920234188084 0.009946226889698278 3.526021214286778e-05
0.0 0.0 0.0
      79 m=4.11158e-08 d=3.22246e+00
-1.2585319456786663 -0.5752881448033156 1.5823145267254837e-05
0.006380250875188572 -0.013392507744242672 4.6677439779479645e-06
0.0 0.0 0.0
      80 m=4.07441e-08 d=3.22160e+00
0.39573416726631033 1.3450112262411067 0.024278678909780554
-0.014362446325022331 0.0030547213964195923 0.00028720113007764777
0.0 0.0 0.0
      81 m=4.03803e-08 d=3.22075e+00
0.8598263523413602 -1.1492300387552203 -0.053390644427215216
0.011560305974836265 0.008551923128949122 0.0003798720268803353
0.0 0.0 0.0
      82 m=4.00239e-08 d=3.21992e+00
1.5539224660390145 -0.2688712351688332 0.11271818016867502
0.0027696363532035847 0.012748487379503317 -0.0004538277811973837
0.0 0.0 0.0
      83 m=3.96748e-08 d=3.21909e+00
0.7120713089867772 1.286163688141283 0.02472102709740975
-0.01241489067435922 0.00674609040020488 0.00036462521752595925
0.0 0.0 0.0
      84 m=3.93327e-08 d=3.21827e+00
0.5983180982226894 -1.2456761662383822 -0.08843377574044758
0.013619625211174378 0.006350040995963828 1.941486182097926e-05
0.0 0.0 0.0
      85 m=3.89974e-08 d=3.21747e+00
1.4224927268405871 -0.41673991051616033 -0.0864682691910892
0.004057615936175567 0.01347724421132087 0.00025201600901773966
0.0 0.0 0.0
      86 m=3.86687e-08 d=3.21667e+00
1.582439444990662 0.2979739398963233 -0.0071408070391028875
-0.0026458715144174563 0.012696844202131262 -0.00015852392449910735
0.0 0.0 0.0
      87 m=3.83463e-08 d=3.21588e+00
-0.7398857138710453 -1.1581637600175179 -0.04388029647287324
0.012632983153281567 -0.008520760411744927 -0.00016121612861982028
0.0 0.0 0.0
      88 m=3.80302e-08 d=3.21510e+00
1.4949165939702003 -0.23670527613821735 -0.0013459302522487197
0.0013335595665344342 0.013859363184722771 -0.0002498255093862904
0.0 0.0 0.0
      89 m=3.77201e-08 d=3.21432e+00
0.7159758905213012 1.3937635569479616 0.11210361177127559
-0.01190307956647958 0.006230803659980282 -0.0004571643216553909
0.0 0.0 0.0
      90 m=3.74159e-08 d=3.21356e+00
1.5553846829846816 0.29439212954123983 0.03018714233738138
-0.0021107528245855062 0.013204721044325064 -7.855414087247018e-05
0.0 0.0 0.0
      91 m=3.71173e-08 d=3.21280e+00
1.2925394630469493 -0.9469622650409039 0.09128306570137631
0.008300125817792195 0.010291499353636343 0.00014921925975245915
0.0 0.0 0.0
      92 m=3.68242e-08 d=3.21206e+00
-1.0654963051425748 1.0040811322412304 -0.019628087406536925
-0.01043248365533867 -0.010122001461847236 -2.2159484912710533e-05
0.0 0.0 0.0
      93 m=3.65364e-08 d=3.21132e+00
0.49707486202657997 1.4651077180077041 -0.06495450889907708
-0.013061652303236929 0.004398827273456781 -0.0005787778098310725
0.0 0.0 0.0
      94 m=3.62539e-08 d=3.21058e+00
-1.4568018327430883 0.5490958477437913 0.0965967110503338
-0.003986799670610274 -0.013115391457115107 0.000770811277185126
0.0 0.0 0.0
      95 m=3.59764e-08 d=3.20986e+00
-1.3146817562977346 0.8599681824347872 -0.03971490257249784
-0.00753778045678069 -0.011394763482495138 0.00011028820203579671
0.0 0.0 0.0
      96 m=3.57038e-08 d=3.20914e+00
1.3662772669143894 -0.6039422458954664 0.00016086108053920897
0.006585296333473609 0.012800106485570104 -4.337436114241141e-05
0.0 0.0 0.0
      97 m=3.54359e-08 d=3.20843e+00
0.9151604704759778 -1.3278411370453256 0.04927226045578016
0.010790045957709916 0.007850549425597993 -0.0008545113815290497
0.0 0.0 0.0
      98 m=3.51727e-08 d=3.20773e+00
-0.8640799713075362 1.3230447505404244 -0.004922941635424044
-0.01145805446604473 -0.007491138009363763 -0.00013850942108593794
0.0 0.0 0.0
      99 m=3.49141e-08 d=3.20703e+00
-1.2486646590467987 0.9783331326070057 0.0992224025511192
-0.008393934560505382 -0.010751760951700605 -0.0003528289311386915
0.0 0.0 0.0
     100 m=3.46598e-08 d=3.20634e+00
0.13712996464231808 1.6464532970060106 -0.0031033329133751397
-0.012997199166123404 0.0017053235554162442 0.0010513020076683794
0.0 0.0 0.0
     101 m=3.44098e-08 d=3.20566e+00
0.5776133659440188 -1.552166519893703 -0.0005490043465255761
0.012347874279808112 0.0045205636651612134 -0.00024841370507803785
0.0 0.0 0.0
     102 m=3.41640e-08 d=3.20498e+00
1.64810721525213 -0.4230849682147324 0.014799745313954539
0.0036274614172779663 0.012288518138321897 0.0003674016376908341
0.0 0.0 0.0
     103 m=3.39222e-08 d=3.20431e+00
-1.593481804597884 -0.04344991337220594 0.03138244657559024
0.0005462937064634483 -0.013720790111753253 1.3861041412829758e-05
0.0 0.0 0.0
     104 m=3.36844e-08 d=3.20365e+00
1.1673721428310777 -1.2240590976339625 0.07369311982967869
0.009160499745886796 0.009145478900799312 0.0004700367935690637
0.0 0.0 0.0
     105 m=3.34504e-08 d=3.20299e+00
1.7086741132701224 0.2085421748385753 0.027506653359818098
-0.0008808564606859783 0.012704556316392633 0.0008065549952552631
0.0 0.0 0.0
     106 m=3.32202e-08 d=3.20234e+00
-0.4257014148636643 1.59427677499421 0.08518938717158137
-0.012849097423513933 -0.0035491967153588365 -0.0006108199713396973
0.0 0.0 0.0
     107 m=3.29937e-08 d=3.20169e+00
-1.5382029086757247 -0.7050999264368785 -0.04250596434123975
0.0058806633604926595 -0.011631348853181723 -0.0006986430348572911
0.0 0.0 0.0
     108 m=3.27707e-08 d=3.20105e+00
-1.4896219953395131 0.8292344230426433 0.013632998539130164
-0.00583108544310375 -0.011601844188463538 -0.00020720503855683857
0.0 0.0 0.0
     109 m=3.25512e-08 d=3.20042e+00
-1.6318375392246707 0.28924553300141387 -0.04328769528105272
-0.002820191114238823 -0.013090126649085881 2.14278293543189e-05
0.0 0.0 0.0
     110 m=3.23351e-08 d=3.19979e+00
1.5465808493800002 0.7717766478373519 -0.009146844854175114
-0.006306023490911234 0.011210699104988384 0.00024030579425385502
0.0 0.0 0.0
     111 m=3.21224e-08 d=3.19917e+00
-0.5175469047254828 -1.7193700717402984 0.00041698743084392755
0.01170803653968921 -0.004050095770887914 -6.511567788478656e-05
0.0 0.0 0.0
     112 m=3.19128e-08 d=3.19855e+00
-1.499825940643299 0.6700268772814526 -0.10960552652605653
-0.005019607905261452 -0.012605963499687662 -0.0001525307445142369
0.0 0.0 0.0
     113 m=3.17065e-08 d=3.19794e+00
-1.0861052140912748 -1.3850149136878858 -0.03149696232230704
0.009929338829951074 -0.007908748171457201 0.0006794130974075365
0.0 0.0 0.0
     114 m=3.15032e-08 d=3.19733e+00
-0.727015512226322 -1.5029267513904638 -0.004608145671192759
0.011847052081705887 -0.006322073256659495 -0.000562907181086325
0.0 0.0 0.0
     115 m=3.13029e-08 d=3.19673e+00
0.8061109470786125 -1.3883291079475446 -0.033918538488600436
0.011483114966901069 0.007916617514517695 0.0009610841953945402
0.0 0.0 0.0
     116 m=3.11056e-08 d=3.19613e+00
-1.5666900364136636 0.5045336032011487 0.002457596323172684
-0.004291554645242257 -0.012991216443110807 -1.6465925689286325e-08
0.0 0.0 0.0
     117 m=3.09112e-08 d=3.19554e+00
-1.4849335339399903 0.6353380938181843 -0.002270216489384038
-0.005216423153928354 -0.012942655944759629 0.00019548871007679148
0.0 0.0 0.0
     118 m=3.07195e-08 d=3.19495e+00
-1.8513363108911354 0.13030300567627784 -0.012395369888196464
-0.0011551591975719555 -0.012105177544248872 -0.00024087850134797852
0.0 0.0 0.0
     119 m=3.05306e-08 d=3.19437e+00
0.6406303234463318 -1.7494585557587234 -0.004774280021173718
0.011490099860425495 0.003894977036574523 0.0004672928876691924
0.0 0.0 0.0
     120 m=3.03445e-08 d=3.19380e+00
1.7160760159322623 0.307616153743815 -0.14027514282912618
-0.002250266594722517 0.012795703744731449 0.00012914657441276915
0.0 0.0 0.0
     121 m=3.01609e-08 d=3.19322e+00
-1.659652316006184 0.4920924819438241 0.08537570074026335
-0.0036785712704581947 -0.012591997905985353 -0.0007118684765117872
0.0 0.0 0.0
     122 m=2.99799e-08 d=3.19269e+00
0.8134292849454992 -1.519515720938148 0.0854957071958053
0.011598228638788049 0.006335828269951839 0.0003134998038208967
0.0 0.0 0.0
     123 m=2.98014e-08 d=3.19224e+00
1.8088308336030012 0.20594149496552117 0.014192690611430386
-0.0007063978932176727 0.012525038417196023 0.000416357948772431
0.0 0.0 0.0
     124 m=2.96254e-08 d=3.19181e+00
-1.2833586615511354 -1.23264779660508 -0.056763720519936604
0.0084524435461872 -0.009681658775787983 0.0006122002985524655
0.0 0.0 0.0
     125 m=2.94518e-08 d=3.19137e+00
-1.699913692719332 0.6658638611062284 -0.022872410648813672
-0.004590245668940245 -0.011698569731528904 -3.518453659942195e-05
0.0 0.0 0.0
     126 m=2.92805e-08 d=3.19094e+00
-1.2584224007398297 -1.0804550010527993 0.10957636813776757
0.008918008355789014 -0.010516942278640444 -0.0005793406972062047
0.0 0.0 0.0
     127 m=2.91116e-08 d=3.19051e+00
1.7022955645260776 -0.9049359549296845 -0.00838858725381583
0.005712748002301527 0.010459759160297379 -7.282642891005152e-05
0.0 0.0 0.0
     128 m=2.89449e-08 d=3.19009e+00
-0.512704118758944 -1.7528349560364131 0.10384303806556976
0.01203430157685884 -0.003767517342969177 -0.0004662707233100095
0.0 0.0 0.0
     129 m=2.87804e-08 d=3.18966e+00
0.2405596657218972 -1.8351644546366932 -0.04170494940723764
0.012360922320902327 0.0016245526310173682 0.0007513236022308566
0.0 0.0 0.0
     130 m=2.86181e-08 d=3.18924e+00
1.8858654451055628 -0.28826230724929813 0.05561247637939925
0.0014490169911432049 0.012036838760815795 -0.0001965110753503908
0.0 0.0 0.0
     131 m=2.84579e-08 d=3.18883e+00
-1.329511953103887 -1.1098664894563113 -0.1347057167109018
0.008007503100059396 -0.010674944164644935 -0.0004084677276308101
0.0 0.0 0.0
     132 m=2.82998e-08 d=3.18842e+00
-0.5533137485759467 -1.7309231780017127 0.07840103301704726
0.011924127294276022 -0.004566896842181178 0.0006945435567119222
0.0 0.0 0.0
     133 m=2.81437e-08 d=3.18801e+00
-1.4708393016379222 -0.7721048528296353 0.027817215204623075
0.00620992637388839 -0.012491952863097542 -0.0005918901782384954
0.0 0.0 0.0
     134 m=2.79896e-08 d=3.18760e+00
-1.62716744349542 -0.7691200620990146 -0.08988410108128926
0.005238450105126045 -0.011840673777949211 -0.0003352868148039493
0.0 0.0 0.0
     135 m=2.78374e-08 d=3.18720e+00
-1.1337228379128526 -1.3280269351437586 -0.019886552589744668
0.01053384279222719 -0.008237894924101107 6.232709269057894e-05
0.0 0.0 0.0
     136 m=2.76872e-08 d=3.18680e+00
1.5854573873534212 -1.023799834477094 -0.144929339812545
0.006486761405716461 0.010538282060332412 -0.0001552075268158502
0.0 0.0 0.0
     137 m=2.75389e-08 d=3.18640e+00
-1.6577813203206242 0.8758172554996126 0.05240371247587593
-0.006537773523950845 -0.01066517356187591 0.00032559530523739745
0.0 0.0 0.0
     138 m=2.73924e-08 d=3.18600e+00
1.37559627893656 -1.3164243268712896 -0.16265218257223413
0.008058368481340287 0.00929062390530704 0.0002784332624131531
0.0 0.0 0.0
     139 m=2.72477e-08 d=3.18561e+00
1.277981658490947 1.4525473232418618 0.062158927125940955
-0.009405728112242575 0.0076797431311614785 -0.000691894477619375
0.0 0.0 0.0
     140 m=2.71047e-08 d=3.18522e+00
-1.3173088554076773 1.3557120450827809 -0.028102298631815324
-0.008701069631335722 -0.008947871535037686 -0.00011901149559644317
0.0 0.0 0.0
     141 m=2.69635e-08 d=3.18486e+00
1.5679483577541709 1.156483525622763 0.01674033609211574
-0.006615181088405232 0.010154548169913367 -0.000400745103207027
0.0 0.0 0.0
     142 m=2.68241e-08 d=3.18452e+00
0.3958510261823053 -1.9909863494516638 0.04327624905825538
0.011488260436494301 0.0018216058442835437 7.838978255946001e-05
0.0 0.0 0.0
     143 m=2.66863e-08 d=3.18419e+00
0.46627951973355125 -1.8365683302874982 0.07894001346594207
0.01214780160045085 0.0029676708185735596 0.00022259134483224247
0.0 0.0 0.0
     144 m=2.65501e-08 d=3.18386e+00
1.823400586274985 -0.053594097227481874 0.011492754272697992
0.0002676391615665263 0.013008944349651393 0.00010818747979948016
0.0 0.0 0.0
     145 m=2.64155e-08 d=3.18353e+00
-0.5090982466609619 1.8845218563843074 0.08529954939351277
-0.011953481778346684 -0.002267735413414045 -0.0005240982009246233
0.0 0.0 0.0
     146 m=2.62825e-08 d=3.18321e+00
-0.23006428098245849 1.7428990434105118 -0.0006212037257931285
-0.013377445550892344 -0.0019027015393430213 3.400905080787539e-05
0.0 0.0 0.0
     147 m=2.61511e-08 d=3.18288e+00
-1.160231904781993 -1.6521716859988311 0.10061031656333394
0.010030166707696074 -0.0061829250012148795 -0.0006322282057551501
0.0 0.0 0.0
     148 m=2.60212e-08 d=3.18256e+00
1.9016361428856259 -0.36585584382766523 -0.015503652758433423
0.001464110693730574 0.012264273412399503 -7.477211259835761e-05
0.0 0.0 0.0
     149 m=2.58928e-08 d=3.18225e+00
-0.45262859702373615 -1.9152321723505874 0.08589268452776826
0.0118192019766459 -0.0028644271829949258 4.596587870634935e-05
0.0 0.0 0.0
     150 m=2.57658e-08 d=3.18193e+00
-1.92902330710813 0.6730498388997413 0.07820510147687539
-0.0038926559113808094 -0.011053642295214116 0.000294844431823931
0.0 0.0 0.0
     151 m=2.56403e-08 d=3.18161e+00
0.49152533004206633 1.8927822211506822 0.012775739663801427
-0.011967725768343884 0.0027997713388300937 0.00013904311902169825
0.0 0.0 0.0
     152 m=2.55163e-08 d=3.18130e+00
1.5833974242549864 -1.124713786881362 -0.10007506811103231
0.006884942048014264 0.0102679218569722 -0.0006530458902780129
0.0 0.0 0.0
     153 m=2.53936e-08 d=3.18099e+00
1.806413212223244 0.8784154055590068 0.007959631669376332
-0.006099380990151515 0.01033691711306135 -8.470496384387743e-05
0.0 0.0 0.0
     154 m=2.52723e-08 d=3.18068e+00
1.9147823948644305 0.5358816476067113 -0.04799922599747281
-0.0033875857472142846 0.011661432654673159 -4.409856306990088e-05
0.0 0.0 0.0
     155 m=2.51523e-08 d=3.18037e+00
-0.13222860174562123 -1.976283334359265 0.09446120326907242
0.012118622383971754 -0.0013358224940974552 -0.0004408934059057293
0.0 0.0 0.0
     156 m=2.50336e-08 d=3.18007e+00
1.9196157621863805 -0.38706670153893785 0.13947549322854128
0.0025935879489436143 0.012064216870441003 -0.00019985986347554517
0.0 0.0 0.0
     157 m=2.49163e-08 d=3.17977e+00
1.6806199301663425 1.092346508890303 -0.06766372399268873
-0.006469220348651299 0.010220279589031392 -0.00032809998474971704
0.0 0.0 0.0
     158 m=2.48002e-08 d=3.17947e+00
-1.5444279278943243 -1.2940400147214326 0.024808220828056792
0.00862319920101238 -0.008432704656272081 -0.0001258341796419993
0.0 0.0 0.0
     159 m=2.46853e-08 d=3.17917e+00
-0.865212498027013 -1.7201710825733574 -0.01979137576768507
0.011096407003362566 -0.006037477934884267 -6.0722595583722e-05
0.0 0.0 0.0
    1000 m=9.55110e-04 d=1.32600e+00
-3.9221051541650103 3.615076175903113 -0.005799421994959031
-0.00521031798875617 -0.005195858472560751 -4.601181812421322e-05
0.0 0.0 0.0
    1001 m=2.85730e-04 d=6.87000e-01
-7.966838880651688 -5.799353977407862 0.15319269778096606
0.0029620957515577194 -0.0045172613406566356 6.08235514644637e-06
0.0 0.0 0.0
